,v1,v2,v3,v4,v5,v6,v7,v8,v9,v10,v11
v1,0,7,11,9,10,2,5,12,11,5,9
v2,7,0,14,2,3,5,8,15,14,2,8
v3,11,14,0,14,11,13,6,1,2,14,12
v4,9,2,14,0,3,7,8,15,14,4,8
v5,10,3,11,3,0,8,9,12,11,5,7
v6,2,5,13,7,8,0,7,14,13,3,7
v7,5,8,6,8,9,7,0,7,6,8,8
v8,12,15,1,15,12,14,7,0,1,15,13
v9,11,14,2,14,11,13,6,1,0,14,12
v10,5,2,14,4,5,3,8,15,14,0,8
v11,9,8,12,8,7,7,8,13,12,8,0
