,v1,v2,v3,v4,v5,m0,m1
v1,0.0,59.0,25.0,49.0,25.0,18.0,45.0
v2,59.0,0.0,48.0,18.0,34.0,41.0,14.0
v3,25.0,48.0,0.0,38.0,14.0,7.0,34.0
v4,49.0,18.0,38.0,0.0,24.0,31.0,4.0
v5,25.0,34.0,14.0,24.0,0.0,7.0,20.0
m0,18.0,41.0,7.0,31.0,7.0,0.0,27.0
m1,45.0,14.0,34.0,4.0,20.0,27.0,0.0
