,v1,v2,v3,v4,v5,m0,m1,m2,m3
v1,0.0,30.0,8.0,37.0,15.0,4.0,24.0,5.0,9.0
v2,30.0,0.0,30.0,19.0,35.0,26.0,6.0,25.0,21.0
v3,8.0,30.0,0.0,37.0,23.0,4.0,24.0,13.0,9.0
v4,37.0,19.0,37.0,0.0,42.0,33.0,13.0,32.0,28.0
v5,15.0,35.0,23.0,42.0,0.0,19.0,29.0,10.0,14.0
m0,4.0,26.0,4.0,33.0,19.0,0.0,20.0,9.0,5.0
m1,24.0,6.0,24.0,13.0,29.0,20.0,0.0,19.0,15.0
m2,5.0,25.0,13.0,32.0,10.0,9.0,19.0,0.0,4.0
m3,9.0,21.0,9.0,28.0,14.0,5.0,15.0,4.0,0.0
