,v1,v2,v3,v4,v5,m0,m1,m2
v1,0.0,19.0,24.0,35.0,7.0,17.0,2.0,26.0
v2,19.0,0.0,9.0,16.0,22.0,2.0,17.0,7.0
v3,24.0,9.0,0.0,11.0,31.0,7.0,26.0,2.0
v4,35.0,16.0,11.0,0.0,38.0,18.0,33.0,9.0
v5,7.0,22.0,31.0,38.0,0.0,24.0,5.0,29.0
m0,17.0,2.0,7.0,18.0,24.0,0.0,19.0,9.0
m1,2.0,17.0,26.0,33.0,5.0,19.0,0.0,24.0
m2,26.0,7.0,2.0,9.0,29.0,9.0,24.0,0.0
