,v1,v2,v3,v4,v5,m0,m1,m2,m3
v1,0.0,13.0,42.0,59.0,72.0,6.0,40.0,52.0,54.0
v2,13.0,0.0,43.0,60.0,73.0,7.0,41.0,53.0,55.0
v3,42.0,43.0,0.0,21.0,30.0,36.0,2.0,14.0,12.0
v4,59.0,60.0,21.0,0.0,27.0,53.0,19.0,7.0,9.0
v5,72.0,73.0,30.0,27.0,0.0,66.0,32.0,20.0,18.0
m0,6.0,7.0,36.0,53.0,66.0,0.0,34.0,46.0,48.0
m1,40.0,41.0,2.0,19.0,32.0,34.0,0.0,12.0,14.0
m2,52.0,53.0,14.0,7.0,20.0,46.0,12.0,0.0,2.0
m3,54.0,55.0,12.0,9.0,18.0,48.0,14.0,2.0,0.0
