,v1,v2,v3,v4,v5,m0,m1
v1,0.0,45.0,41.0,52.0,29.0,31.0,21.0
v2,45.0,0.0,86.0,35.0,74.0,14.0,66.0
v3,41.0,86.0,0.0,51.0,12.0,72.0,20.0
v4,52.0,35.0,51.0,0.0,39.0,21.0,31.0
v5,29.0,74.0,12.0,39.0,0.0,60.0,8.0
m0,31.0,14.0,72.0,21.0,60.0,0.0,52.0
m1,21.0,66.0,20.0,31.0,8.0,52.0,0.0
