,v1,v2,v3,v4,v5,m0,m1
v1,0.0,53.0,10.0,61.0,16.0,48.0,26.0
v2,53.0,0.0,43.0,18.0,37.0,5.0,27.0
v3,10.0,43.0,0.0,51.0,26.0,38.0,16.0
v4,61.0,18.0,51.0,0.0,45.0,13.0,35.0
v5,16.0,37.0,26.0,45.0,0.0,32.0,10.0
m0,48.0,5.0,38.0,13.0,32.0,0.0,22.0
m1,26.0,27.0,16.0,35.0,10.0,22.0,0.0
