,v1,v2,v3,v4,v5,v6,v7,v8,v9,v10,v11,v12,v13,v14,v15,v16,v17,v18,v19,v20,m0,m1,m2,m3,m4,m5,m6,m7,m8,m9,m10,m11,m12,m13,m14,m15,m16,m17,m18,m19,m20,m21,m22,m23,m24,m25,m26,m27,m28,m29,m30,m31,m32,m33,m34,m35,m36,m37,m38,m39,m40,m41,m42,m43,m44,m45,m46,m47,m48,m49,m50,m51,m52,m53,m54,m55,m56,m57,m58,m59,m60,m61,m62,m63,m64,m65,m66,m67,m68,m69,m70,m71,m72,m73,m74,m75,m76,m77,m78,m79,m80,m81,m82,m83,m84,m85,m86,m87,m88,m89,m90,m91,m92,m93,m94,m95,m96,m97,m98,m99,m100,m101,m102,m103,m104,m105,m106,m107,m108,m109,m110,m111,m112,m113,m114,m115,m116,m117,m118,m119,m120,m121,m122,m123,m124,m125,m126,m127,m128,m129,m130,m131,m132,m133,m134,m135,m136,m137,m138,m139,m140,m141,m142,m143,m144,m145,m146,m147,m148,m149,m150,m151,m152,m153,m154,m155,m156,m157,m158,m159,m160,m161,m162,m163,m164,m165,m166,m167,m168,m169,m170,m171,m172,m173,m174,m175,m176,m177,m178,m179,m180,m181,m182,m183,m184,m185,m186,m187,m188,m189,m190,m191,m192,m193,m194,m195,m196,m197,m198,m199,m200,m201,m202,m203,m204,m205,m206
v1,0.0,372.0,265.0,146.0,249.0,547.0,295.0,152.0,332.0,325.0,570.0,429.0,579.0,263.0,254.0,685.0,553.0,323.0,263.0,382.0,188.0,94.0,33.0,117.0,101.0,74.0,214.0,137.0,190.0,38.0,305.0,195.0,7.0,126.0,110.0,194.0,178.0,55.0,151.0,214.0,77.0,115.0,84.0,203.0,85.0,52.0,126.0,90.0,59.0,227.0,144.0,216.0,107.0,223.0,228.0,380.0,506.0,497.0,475.0,230.0,373.0,268.0,212.0,194.0,232.0,201.0,104.0,148.0,185.0,258.0,330.0,248.0,111.0,301.0,149.0,306.0,118.0,237.0,526.0,517.0,495.0,156.0,358.0,279.0,256.0,570.0,548.0,200.0,240.0,169.0,153.0,189.0,178.0,243.0,88.0,172.0,156.0,129.0,192.0,93.0,62.0,181.0,291.0,267.0,272.0,382.0,266.0,242.0,247.0,357.0,333.0,290.0,353.0,342.0,406.0,140.0,114.0,521.0,411.0,311.0,375.0,567.0,224.0,208.0,181.0,145.0,347.0,304.0,237.0,331.0,320.0,384.0,499.0,389.0,269.0,245.0,250.0,360.0,395.0,448.0,563.0,453.0,321.0,244.0,297.0,302.0,233.0,416.0,367.0,356.0,393.0,420.0,446.0,412.0,663.0,535.0,425.0,561.0,451.0,171.0,149.0,299.0,295.0,404.0,382.0,577.0,568.0,546.0,446.0,418.0,444.0,126.0,174.0,170.0,310.0,288.0,205.0,201.0,352.0,350.0,324.0,474.0,452.0,317.0,413.0,291.0,391.0,289.0,263.0,265.0,204.0,309.0,430.0,408.0,359.0,357.0,331.0,481.0,459.0,454.0,432.0,594.0,472.0,572.0,444.0,470.0,556.0,515.0,506.0,484.0,384.0,418.0,296.0,396.0,294.0,268.0,387.0,265.0,365.0,575.0,243.0,287.0,307.0,160.0,204.0,407.0,305.0
v2,372.0,0.0,261.0,330.0,555.0,685.0,465.0,524.0,556.0,269.0,668.0,801.0,571.0,635.0,550.0,447.0,535.0,695.0,621.0,502.0,184.0,278.0,339.0,255.0,271.0,298.0,158.0,235.0,182.0,334.0,67.0,177.0,365.0,246.0,416.0,332.0,348.0,427.0,375.0,312.0,449.0,411.0,442.0,323.0,391.0,424.0,350.0,386.0,417.0,533.0,450.0,588.0,479.0,581.0,366.0,752.0,644.0,635.0,613.0,602.0,511.0,492.0,382.0,566.0,528.0,559.0,476.0,520.0,409.0,630.0,554.0,346.0,483.0,293.0,445.0,288.0,476.0,357.0,624.0,615.0,593.0,528.0,730.0,651.0,628.0,562.0,540.0,572.0,236.0,307.0,323.0,287.0,298.0,239.0,394.0,310.0,326.0,353.0,290.0,389.0,420.0,301.0,235.0,259.0,254.0,144.0,210.0,234.0,229.0,119.0,471.0,514.0,451.0,462.0,398.0,446.0,472.0,283.0,393.0,449.0,513.0,665.0,362.0,378.0,405.0,441.0,485.0,528.0,595.0,429.0,440.0,376.0,261.0,371.0,213.0,237.0,232.0,122.0,493.0,440.0,325.0,435.0,265.0,342.0,289.0,284.0,353.0,178.0,465.0,476.0,491.0,412.0,438.0,174.0,425.0,297.0,407.0,323.0,433.0,355.0,333.0,295.0,291.0,400.0,378.0,573.0,564.0,542.0,442.0,414.0,440.0,498.0,546.0,542.0,494.0,472.0,389.0,385.0,536.0,534.0,508.0,658.0,636.0,487.0,719.0,597.0,697.0,595.0,569.0,637.0,576.0,681.0,374.0,352.0,529.0,527.0,501.0,651.0,629.0,678.0,656.0,538.0,416.0,516.0,388.0,414.0,676.0,635.0,626.0,604.0,504.0,714.0,592.0,692.0,590.0,564.0,745.0,623.0,723.0,557.0,615.0,659.0,679.0,532.0,576.0,779.0,677.0
v3,265.0,261.0,0.0,119.0,294.0,424.0,204.0,307.0,295.0,60.0,407.0,540.0,314.0,374.0,289.0,420.0,288.0,434.0,360.0,241.0,77.0,171.0,232.0,148.0,164.0,191.0,103.0,128.0,79.0,227.0,194.0,84.0,258.0,139.0,155.0,71.0,87.0,210.0,114.0,51.0,188.0,150.0,181.0,62.0,180.0,213.0,139.0,175.0,206.0,272.0,189.0,327.0,218.0,320.0,105.0,491.0,383.0,374.0,352.0,341.0,250.0,231.0,121.0,305.0,267.0,298.0,259.0,303.0,148.0,369.0,293.0,85.0,222.0,36.0,184.0,41.0,215.0,96.0,363.0,354.0,332.0,267.0,469.0,390.0,367.0,305.0,283.0,311.0,25.0,96.0,112.0,76.0,87.0,22.0,177.0,93.0,109.0,136.0,73.0,172.0,203.0,84.0,26.0,2.0,7.0,117.0,51.0,27.0,32.0,142.0,210.0,253.0,190.0,201.0,141.0,185.0,211.0,256.0,146.0,188.0,252.0,404.0,101.0,117.0,144.0,180.0,224.0,267.0,334.0,168.0,179.0,119.0,234.0,124.0,48.0,24.0,29.0,139.0,232.0,183.0,298.0,188.0,56.0,81.0,32.0,37.0,92.0,151.0,204.0,215.0,230.0,155.0,181.0,147.0,398.0,270.0,160.0,296.0,186.0,94.0,116.0,34.0,30.0,139.0,117.0,312.0,303.0,281.0,181.0,153.0,179.0,237.0,285.0,281.0,233.0,211.0,128.0,124.0,275.0,273.0,247.0,397.0,375.0,226.0,458.0,336.0,436.0,334.0,308.0,376.0,315.0,420.0,165.0,143.0,268.0,266.0,240.0,390.0,368.0,417.0,395.0,329.0,207.0,307.0,179.0,205.0,415.0,374.0,365.0,343.0,243.0,453.0,331.0,431.0,329.0,303.0,484.0,362.0,462.0,310.0,354.0,398.0,418.0,271.0,315.0,518.0,416.0
v4,146.0,330.0,119.0,0.0,225.0,401.0,149.0,194.0,226.0,179.0,424.0,471.0,433.0,305.0,220.0,539.0,407.0,365.0,291.0,236.0,146.0,52.0,113.0,75.0,59.0,72.0,172.0,95.0,148.0,108.0,263.0,153.0,139.0,84.0,86.0,48.0,32.0,97.0,45.0,68.0,119.0,81.0,112.0,57.0,61.0,94.0,20.0,56.0,87.0,203.0,120.0,258.0,149.0,251.0,82.0,422.0,360.0,351.0,329.0,272.0,227.0,162.0,66.0,236.0,198.0,229.0,146.0,190.0,79.0,300.0,224.0,102.0,153.0,155.0,115.0,160.0,146.0,91.0,380.0,371.0,349.0,198.0,400.0,321.0,298.0,424.0,402.0,242.0,94.0,23.0,7.0,43.0,32.0,97.0,64.0,26.0,10.0,23.0,46.0,59.0,90.0,35.0,145.0,121.0,126.0,236.0,120.0,96.0,101.0,211.0,187.0,184.0,207.0,196.0,260.0,116.0,142.0,375.0,265.0,165.0,229.0,421.0,78.0,62.0,75.0,111.0,201.0,198.0,265.0,185.0,174.0,238.0,353.0,243.0,123.0,99.0,104.0,214.0,249.0,302.0,417.0,307.0,175.0,98.0,151.0,156.0,87.0,270.0,221.0,210.0,247.0,274.0,300.0,266.0,517.0,389.0,279.0,415.0,305.0,25.0,3.0,153.0,149.0,258.0,236.0,431.0,422.0,400.0,300.0,272.0,298.0,168.0,216.0,212.0,164.0,142.0,59.0,55.0,206.0,204.0,178.0,328.0,306.0,171.0,389.0,267.0,367.0,265.0,239.0,307.0,246.0,351.0,284.0,262.0,213.0,211.0,185.0,335.0,313.0,348.0,326.0,448.0,326.0,426.0,298.0,324.0,410.0,369.0,360.0,338.0,238.0,384.0,262.0,362.0,260.0,234.0,415.0,293.0,393.0,429.0,285.0,329.0,349.0,202.0,246.0,449.0,347.0
v5,249.0,555.0,294.0,225.0,0.0,298.0,90.0,291.0,83.0,286.0,321.0,246.0,330.0,298.0,5.0,436.0,304.0,140.0,66.0,133.0,371.0,277.0,216.0,300.0,284.0,257.0,397.0,320.0,373.0,221.0,488.0,378.0,242.0,309.0,139.0,223.0,207.0,194.0,180.0,243.0,172.0,144.0,165.0,232.0,164.0,197.0,205.0,169.0,190.0,22.0,105.0,33.0,142.0,26.0,189.0,197.0,257.0,248.0,226.0,47.0,124.0,63.0,173.0,55.0,27.0,48.0,243.0,287.0,146.0,75.0,81.0,209.0,138.0,262.0,110.0,267.0,131.0,198.0,277.0,268.0,246.0,191.0,175.0,96.0,73.0,321.0,299.0,235.0,319.0,248.0,232.0,268.0,257.0,316.0,161.0,245.0,229.0,202.0,265.0,166.0,187.0,254.0,320.0,296.0,301.0,411.0,345.0,321.0,326.0,436.0,84.0,41.0,104.0,93.0,157.0,109.0,135.0,272.0,162.0,106.0,126.0,318.0,193.0,177.0,150.0,114.0,98.0,55.0,40.0,126.0,115.0,179.0,294.0,184.0,342.0,318.0,323.0,433.0,146.0,199.0,314.0,204.0,290.0,213.0,266.0,271.0,202.0,377.0,118.0,107.0,144.0,171.0,197.0,381.0,414.0,286.0,176.0,312.0,202.0,200.0,222.0,260.0,264.0,155.0,177.0,328.0,319.0,297.0,197.0,169.0,195.0,221.0,269.0,265.0,61.0,83.0,166.0,170.0,103.0,101.0,75.0,225.0,203.0,68.0,164.0,42.0,142.0,40.0,14.0,82.0,239.0,126.0,181.0,203.0,110.0,108.0,82.0,232.0,210.0,205.0,183.0,345.0,223.0,323.0,195.0,221.0,307.0,266.0,257.0,235.0,135.0,169.0,47.0,147.0,45.0,19.0,190.0,68.0,168.0,326.0,104.0,148.0,124.0,187.0,231.0,224.0,122.0
v6,547.0,685.0,424.0,401.0,298.0,0.0,252.0,589.0,215.0,416.0,23.0,216.0,114.0,596.0,293.0,238.0,150.0,410.0,284.0,183.0,501.0,453.0,514.0,430.0,446.0,473.0,527.0,450.0,503.0,509.0,618.0,508.0,540.0,439.0,437.0,353.0,369.0,492.0,396.0,373.0,470.0,432.0,463.0,362.0,462.0,495.0,421.0,457.0,488.0,320.0,403.0,331.0,440.0,324.0,319.0,167.0,41.0,50.0,72.0,317.0,174.0,279.0,335.0,353.0,315.0,346.0,541.0,585.0,362.0,289.0,217.0,339.0,436.0,392.0,398.0,397.0,429.0,328.0,61.0,70.0,92.0,489.0,189.0,366.0,291.0,123.0,145.0,533.0,449.0,378.0,394.0,398.0,387.0,446.0,459.0,375.0,391.0,418.0,395.0,454.0,485.0,384.0,450.0,426.0,431.0,541.0,475.0,451.0,456.0,566.0,214.0,257.0,234.0,223.0,287.0,407.0,433.0,402.0,292.0,236.0,172.0,20.0,323.0,339.0,366.0,402.0,200.0,243.0,310.0,256.0,245.0,309.0,424.0,314.0,472.0,448.0,453.0,563.0,192.0,245.0,360.0,250.0,420.0,343.0,396.0,401.0,332.0,507.0,220.0,209.0,194.0,273.0,247.0,511.0,260.0,388.0,278.0,362.0,252.0,376.0,398.0,390.0,394.0,285.0,307.0,112.0,121.0,143.0,243.0,271.0,245.0,519.0,567.0,563.0,237.0,259.0,342.0,346.0,195.0,197.0,223.0,73.0,95.0,230.0,134.0,256.0,156.0,258.0,284.0,380.0,537.0,424.0,311.0,333.0,188.0,190.0,216.0,66.0,88.0,93.0,115.0,147.0,269.0,169.0,297.0,271.0,9.0,50.0,59.0,81.0,181.0,129.0,251.0,151.0,253.0,279.0,160.0,282.0,182.0,128.0,402.0,446.0,338.0,485.0,529.0,238.0,340.0
v7,295.0,465.0,204.0,149.0,90.0,252.0,0.0,337.0,91.0,196.0,275.0,336.0,284.0,344.0,85.0,390.0,258.0,230.0,156.0,87.0,281.0,201.0,262.0,210.0,194.0,221.0,307.0,230.0,283.0,257.0,398.0,288.0,288.0,219.0,185.0,133.0,117.0,240.0,144.0,153.0,218.0,180.0,211.0,142.0,210.0,243.0,169.0,205.0,236.0,68.0,151.0,123.0,188.0,116.0,99.0,287.0,211.0,202.0,180.0,137.0,78.0,27.0,83.0,101.0,63.0,94.0,289.0,333.0,110.0,165.0,89.0,119.0,184.0,172.0,146.0,177.0,177.0,108.0,231.0,222.0,200.0,237.0,265.0,186.0,163.0,275.0,253.0,281.0,229.0,158.0,142.0,178.0,167.0,226.0,207.0,155.0,139.0,166.0,175.0,202.0,233.0,164.0,230.0,206.0,211.0,321.0,255.0,231.0,236.0,346.0,38.0,49.0,58.0,47.0,111.0,155.0,181.0,226.0,116.0,16.0,80.0,272.0,103.0,87.0,114.0,150.0,52.0,63.0,130.0,36.0,25.0,89.0,204.0,94.0,252.0,228.0,233.0,343.0,100.0,153.0,268.0,158.0,200.0,123.0,176.0,181.0,112.0,287.0,72.0,61.0,98.0,125.0,151.0,291.0,368.0,240.0,130.0,266.0,156.0,124.0,146.0,170.0,174.0,109.0,87.0,282.0,273.0,251.0,151.0,123.0,149.0,267.0,315.0,311.0,29.0,7.0,90.0,94.0,71.0,69.0,43.0,193.0,171.0,22.0,254.0,132.0,232.0,130.0,104.0,172.0,285.0,216.0,135.0,113.0,64.0,62.0,36.0,186.0,164.0,213.0,191.0,299.0,177.0,277.0,149.0,175.0,261.0,220.0,211.0,189.0,89.0,249.0,127.0,227.0,125.0,99.0,280.0,158.0,258.0,280.0,150.0,194.0,214.0,233.0,277.0,314.0,212.0
v8,152.0,524.0,307.0,194.0,291.0,589.0,337.0,0.0,374.0,367.0,612.0,373.0,621.0,111.0,296.0,727.0,595.0,179.0,305.0,424.0,340.0,246.0,185.0,269.0,253.0,226.0,366.0,289.0,342.0,190.0,457.0,347.0,159.0,278.0,152.0,236.0,220.0,97.0,193.0,256.0,119.0,157.0,126.0,245.0,133.0,100.0,174.0,138.0,107.0,269.0,186.0,258.0,149.0,265.0,270.0,422.0,548.0,539.0,517.0,272.0,415.0,310.0,254.0,236.0,274.0,243.0,48.0,4.0,227.0,300.0,372.0,290.0,153.0,343.0,191.0,348.0,160.0,279.0,568.0,559.0,537.0,100.0,400.0,223.0,298.0,612.0,590.0,56.0,288.0,217.0,201.0,237.0,226.0,285.0,130.0,214.0,198.0,171.0,234.0,135.0,104.0,223.0,333.0,309.0,314.0,424.0,314.0,290.0,295.0,405.0,375.0,332.0,395.0,384.0,448.0,182.0,156.0,563.0,453.0,353.0,417.0,609.0,266.0,250.0,223.0,187.0,389.0,346.0,279.0,373.0,362.0,426.0,541.0,431.0,311.0,287.0,292.0,402.0,437.0,490.0,605.0,495.0,363.0,286.0,339.0,344.0,275.0,458.0,409.0,398.0,435.0,462.0,488.0,454.0,705.0,577.0,467.0,603.0,493.0,213.0,191.0,341.0,337.0,446.0,424.0,619.0,610.0,588.0,488.0,460.0,486.0,70.0,22.0,26.0,352.0,330.0,247.0,243.0,394.0,392.0,366.0,516.0,494.0,359.0,455.0,333.0,433.0,331.0,305.0,209.0,52.0,165.0,472.0,450.0,401.0,399.0,373.0,523.0,501.0,496.0,474.0,636.0,514.0,614.0,486.0,512.0,598.0,557.0,548.0,526.0,426.0,460.0,338.0,438.0,336.0,310.0,429.0,307.0,407.0,617.0,187.0,143.0,251.0,104.0,60.0,351.0,249.0
v9,332.0,556.0,295.0,226.0,83.0,215.0,91.0,374.0,0.0,287.0,238.0,245.0,247.0,381.0,78.0,353.0,221.0,195.0,69.0,54.0,372.0,278.0,299.0,301.0,285.0,258.0,398.0,321.0,374.0,294.0,489.0,379.0,325.0,310.0,222.0,224.0,208.0,277.0,181.0,244.0,255.0,217.0,248.0,233.0,247.0,280.0,206.0,242.0,273.0,105.0,188.0,116.0,225.0,109.0,190.0,196.0,174.0,165.0,143.0,102.0,45.0,64.0,174.0,138.0,100.0,131.0,326.0,370.0,147.0,74.0,2.0,210.0,221.0,263.0,183.0,268.0,214.0,199.0,194.0,185.0,163.0,274.0,174.0,151.0,76.0,238.0,216.0,318.0,320.0,249.0,233.0,269.0,258.0,317.0,244.0,246.0,230.0,203.0,266.0,239.0,270.0,255.0,321.0,297.0,302.0,412.0,346.0,322.0,327.0,437.0,85.0,42.0,105.0,94.0,158.0,192.0,218.0,273.0,163.0,107.0,43.0,235.0,194.0,178.0,151.0,187.0,71.0,28.0,95.0,127.0,116.0,180.0,295.0,185.0,343.0,319.0,324.0,434.0,63.0,116.0,231.0,121.0,291.0,214.0,267.0,272.0,203.0,378.0,91.0,80.0,65.0,144.0,118.0,382.0,331.0,259.0,149.0,233.0,123.0,201.0,223.0,261.0,265.0,156.0,178.0,245.0,236.0,214.0,114.0,142.0,116.0,304.0,352.0,348.0,62.0,84.0,167.0,171.0,20.0,22.0,48.0,142.0,120.0,69.0,163.0,41.0,141.0,43.0,69.0,165.0,322.0,209.0,182.0,204.0,27.0,29.0,55.0,149.0,127.0,122.0,100.0,262.0,140.0,240.0,168.0,142.0,224.0,183.0,174.0,152.0,52.0,158.0,36.0,136.0,38.0,64.0,189.0,67.0,167.0,243.0,187.0,231.0,123.0,270.0,314.0,223.0,125.0
v10,325.0,269.0,60.0,179.0,286.0,416.0,196.0,367.0,287.0,0.0,399.0,532.0,302.0,374.0,281.0,360.0,266.0,426.0,352.0,233.0,137.0,231.0,292.0,208.0,224.0,251.0,111.0,188.0,135.0,287.0,202.0,130.0,318.0,199.0,215.0,131.0,147.0,270.0,174.0,111.0,248.0,210.0,241.0,122.0,240.0,273.0,199.0,235.0,266.0,264.0,181.0,319.0,218.0,312.0,97.0,483.0,375.0,366.0,344.0,333.0,242.0,223.0,113.0,297.0,259.0,290.0,319.0,363.0,140.0,361.0,285.0,77.0,214.0,24.0,176.0,19.0,207.0,88.0,355.0,346.0,324.0,267.0,461.0,382.0,359.0,293.0,271.0,311.0,85.0,156.0,172.0,136.0,147.0,82.0,237.0,153.0,169.0,196.0,133.0,232.0,263.0,144.0,34.0,58.0,53.0,125.0,59.0,83.0,78.0,150.0,202.0,245.0,182.0,193.0,129.0,185.0,211.0,196.0,124.0,180.0,244.0,396.0,101.0,117.0,144.0,180.0,216.0,259.0,326.0,160.0,171.0,107.0,174.0,102.0,56.0,80.0,75.0,147.0,224.0,171.0,238.0,166.0,4.0,81.0,28.0,23.0,92.0,91.0,196.0,207.0,222.0,143.0,169.0,95.0,338.0,210.0,138.0,236.0,164.0,154.0,176.0,26.0,30.0,131.0,109.0,304.0,295.0,273.0,173.0,145.0,171.0,297.0,345.0,341.0,225.0,203.0,120.0,124.0,267.0,265.0,239.0,389.0,367.0,218.0,450.0,328.0,428.0,326.0,300.0,368.0,315.0,412.0,105.0,83.0,260.0,258.0,232.0,382.0,360.0,409.0,387.0,269.0,147.0,247.0,119.0,145.0,407.0,366.0,357.0,335.0,235.0,445.0,323.0,423.0,321.0,295.0,476.0,354.0,454.0,288.0,346.0,390.0,410.0,263.0,307.0,510.0,408.0
v11,570.0,668.0,407.0,424.0,321.0,23.0,275.0,612.0,238.0,399.0,0.0,239.0,97.0,619.0,316.0,221.0,133.0,433.0,307.0,188.0,484.0,476.0,537.0,453.0,469.0,496.0,510.0,433.0,486.0,532.0,601.0,491.0,563.0,444.0,460.0,376.0,392.0,515.0,419.0,356.0,493.0,455.0,486.0,367.0,485.0,518.0,444.0,480.0,511.0,343.0,426.0,354.0,463.0,347.0,342.0,190.0,64.0,73.0,95.0,340.0,197.0,302.0,358.0,376.0,338.0,369.0,564.0,608.0,385.0,312.0,240.0,322.0,459.0,375.0,421.0,380.0,452.0,333.0,44.0,53.0,75.0,512.0,212.0,389.0,314.0,106.0,128.0,556.0,432.0,401.0,417.0,381.0,392.0,429.0,482.0,398.0,414.0,441.0,378.0,477.0,508.0,389.0,433.0,409.0,414.0,524.0,458.0,434.0,439.0,549.0,237.0,280.0,217.0,228.0,270.0,430.0,456.0,385.0,275.0,259.0,195.0,3.0,346.0,362.0,389.0,425.0,223.0,266.0,333.0,239.0,250.0,292.0,407.0,297.0,455.0,431.0,436.0,546.0,175.0,228.0,343.0,233.0,403.0,326.0,379.0,384.0,337.0,490.0,203.0,214.0,177.0,256.0,230.0,494.0,243.0,371.0,261.0,345.0,235.0,399.0,421.0,373.0,377.0,268.0,290.0,95.0,104.0,126.0,226.0,254.0,228.0,542.0,590.0,586.0,260.0,282.0,365.0,369.0,218.0,220.0,246.0,96.0,118.0,253.0,157.0,279.0,179.0,281.0,307.0,403.0,560.0,447.0,294.0,316.0,211.0,213.0,239.0,89.0,111.0,116.0,138.0,130.0,252.0,152.0,280.0,254.0,14.0,55.0,64.0,86.0,186.0,152.0,274.0,174.0,276.0,302.0,183.0,305.0,205.0,111.0,425.0,469.0,361.0,508.0,552.0,261.0,363.0
v12,429.0,801.0,540.0,471.0,246.0,216.0,336.0,373.0,245.0,532.0,239.0,0.0,248.0,380.0,251.0,354.0,266.0,194.0,180.0,299.0,617.0,523.0,462.0,546.0,530.0,503.0,643.0,566.0,619.0,467.0,734.0,624.0,436.0,555.0,385.0,469.0,453.0,374.0,426.0,489.0,352.0,390.0,359.0,478.0,410.0,377.0,451.0,415.0,384.0,268.0,351.0,213.0,322.0,220.0,435.0,49.0,175.0,166.0,188.0,199.0,290.0,309.0,419.0,235.0,273.0,242.0,325.0,369.0,392.0,171.0,247.0,455.0,318.0,508.0,356.0,513.0,325.0,444.0,195.0,186.0,208.0,273.0,71.0,150.0,173.0,239.0,261.0,317.0,565.0,494.0,478.0,514.0,503.0,562.0,407.0,491.0,475.0,448.0,511.0,412.0,381.0,500.0,566.0,542.0,547.0,657.0,591.0,567.0,572.0,682.0,330.0,287.0,350.0,339.0,403.0,355.0,329.0,518.0,408.0,352.0,288.0,236.0,439.0,423.0,396.0,360.0,316.0,273.0,206.0,372.0,361.0,425.0,540.0,430.0,588.0,564.0,569.0,679.0,308.0,361.0,476.0,366.0,536.0,459.0,512.0,517.0,448.0,623.0,336.0,325.0,310.0,389.0,363.0,627.0,376.0,504.0,394.0,478.0,368.0,446.0,468.0,506.0,510.0,401.0,423.0,246.0,237.0,259.0,359.0,387.0,361.0,303.0,351.0,347.0,307.0,329.0,412.0,416.0,265.0,267.0,293.0,143.0,165.0,314.0,82.0,204.0,104.0,206.0,232.0,164.0,321.0,208.0,427.0,449.0,272.0,274.0,300.0,150.0,172.0,123.0,145.0,263.0,385.0,285.0,413.0,387.0,225.0,184.0,175.0,197.0,297.0,87.0,209.0,109.0,211.0,237.0,56.0,178.0,78.0,244.0,186.0,230.0,122.0,269.0,313.0,22.0,124.0
v13,579.0,571.0,314.0,433.0,330.0,114.0,284.0,621.0,247.0,302.0,97.0,248.0,0.0,628.0,325.0,124.0,36.0,442.0,316.0,197.0,391.0,485.0,546.0,462.0,478.0,505.0,413.0,442.0,389.0,541.0,504.0,394.0,572.0,453.0,469.0,385.0,401.0,524.0,428.0,365.0,502.0,464.0,495.0,376.0,494.0,527.0,453.0,489.0,520.0,352.0,435.0,363.0,472.0,356.0,351.0,199.0,73.0,82.0,104.0,349.0,206.0,311.0,367.0,385.0,347.0,378.0,573.0,617.0,394.0,321.0,249.0,331.0,468.0,278.0,430.0,283.0,461.0,342.0,53.0,62.0,84.0,521.0,221.0,398.0,323.0,9.0,31.0,565.0,339.0,410.0,426.0,390.0,401.0,336.0,491.0,407.0,423.0,450.0,387.0,486.0,517.0,398.0,336.0,312.0,317.0,427.0,361.0,337.0,342.0,452.0,246.0,289.0,226.0,237.0,173.0,439.0,465.0,288.0,178.0,268.0,204.0,94.0,355.0,371.0,398.0,434.0,232.0,275.0,342.0,248.0,259.0,195.0,310.0,200.0,358.0,334.0,339.0,449.0,184.0,131.0,246.0,136.0,306.0,335.0,282.0,287.0,346.0,393.0,212.0,223.0,186.0,159.0,133.0,397.0,146.0,274.0,164.0,248.0,138.0,408.0,430.0,280.0,284.0,175.0,197.0,2.0,11.0,33.0,133.0,161.0,135.0,551.0,599.0,595.0,269.0,291.0,374.0,378.0,227.0,229.0,255.0,105.0,127.0,262.0,166.0,288.0,188.0,290.0,316.0,412.0,569.0,456.0,197.0,219.0,220.0,222.0,248.0,98.0,120.0,125.0,147.0,33.0,155.0,55.0,183.0,157.0,105.0,64.0,73.0,95.0,195.0,161.0,283.0,183.0,285.0,311.0,192.0,314.0,214.0,14.0,434.0,478.0,370.0,517.0,561.0,270.0,372.0
v14,263.0,635.0,374.0,305.0,298.0,596.0,344.0,111.0,381.0,374.0,619.0,380.0,628.0,0.0,303.0,734.0,602.0,186.0,312.0,431.0,451.0,357.0,296.0,380.0,364.0,337.0,477.0,400.0,453.0,301.0,568.0,458.0,270.0,389.0,219.0,303.0,287.0,208.0,260.0,323.0,186.0,224.0,193.0,312.0,244.0,211.0,285.0,249.0,218.0,276.0,193.0,265.0,156.0,272.0,277.0,429.0,555.0,546.0,524.0,279.0,422.0,317.0,261.0,243.0,281.0,250.0,159.0,115.0,234.0,307.0,379.0,297.0,160.0,350.0,198.0,355.0,167.0,286.0,575.0,566.0,544.0,107.0,407.0,230.0,305.0,619.0,597.0,63.0,399.0,328.0,312.0,348.0,337.0,396.0,241.0,325.0,309.0,282.0,345.0,246.0,215.0,334.0,400.0,376.0,381.0,491.0,425.0,401.0,406.0,516.0,382.0,339.0,402.0,391.0,455.0,189.0,163.0,570.0,460.0,360.0,424.0,616.0,273.0,257.0,230.0,194.0,396.0,353.0,286.0,380.0,369.0,433.0,548.0,438.0,422.0,398.0,403.0,513.0,444.0,497.0,612.0,502.0,370.0,293.0,346.0,351.0,282.0,465.0,416.0,405.0,442.0,469.0,495.0,461.0,712.0,584.0,474.0,610.0,500.0,280.0,302.0,348.0,344.0,453.0,431.0,626.0,617.0,595.0,495.0,467.0,493.0,137.0,89.0,93.0,359.0,337.0,254.0,250.0,401.0,399.0,373.0,523.0,501.0,366.0,462.0,340.0,440.0,338.0,312.0,216.0,59.0,172.0,479.0,457.0,408.0,406.0,380.0,530.0,508.0,503.0,481.0,643.0,521.0,621.0,493.0,519.0,605.0,564.0,555.0,533.0,433.0,467.0,345.0,445.0,343.0,317.0,436.0,314.0,414.0,624.0,194.0,150.0,258.0,111.0,67.0,358.0,256.0
v15,254.0,550.0,289.0,220.0,5.0,293.0,85.0,296.0,78.0,281.0,316.0,251.0,325.0,303.0,0.0,431.0,299.0,145.0,71.0,128.0,366.0,272.0,221.0,295.0,279.0,252.0,392.0,315.0,368.0,216.0,483.0,373.0,247.0,304.0,144.0,218.0,202.0,199.0,175.0,238.0,177.0,139.0,170.0,227.0,169.0,202.0,200.0,164.0,195.0,27.0,110.0,38.0,147.0,31.0,184.0,202.0,252.0,243.0,221.0,52.0,119.0,58.0,168.0,60.0,22.0,53.0,248.0,292.0,141.0,80.0,76.0,204.0,143.0,257.0,105.0,262.0,136.0,193.0,272.0,263.0,241.0,196.0,180.0,101.0,78.0,316.0,294.0,240.0,314.0,243.0,227.0,263.0,252.0,311.0,166.0,240.0,224.0,197.0,260.0,161.0,192.0,249.0,315.0,291.0,296.0,406.0,340.0,316.0,321.0,431.0,79.0,36.0,99.0,88.0,152.0,114.0,140.0,267.0,157.0,101.0,121.0,313.0,188.0,172.0,145.0,109.0,93.0,50.0,45.0,121.0,110.0,174.0,289.0,179.0,337.0,313.0,318.0,428.0,141.0,194.0,309.0,199.0,285.0,208.0,261.0,266.0,197.0,372.0,113.0,102.0,139.0,166.0,192.0,376.0,409.0,281.0,171.0,307.0,197.0,195.0,217.0,255.0,259.0,150.0,172.0,323.0,314.0,292.0,192.0,164.0,190.0,226.0,274.0,270.0,56.0,78.0,161.0,165.0,98.0,96.0,70.0,220.0,198.0,63.0,169.0,47.0,147.0,45.0,19.0,87.0,244.0,131.0,176.0,198.0,105.0,103.0,77.0,227.0,205.0,200.0,178.0,340.0,218.0,318.0,190.0,216.0,302.0,261.0,252.0,230.0,130.0,164.0,42.0,142.0,40.0,14.0,195.0,73.0,173.0,321.0,109.0,153.0,129.0,192.0,236.0,229.0,127.0
v16,685.0,447.0,420.0,539.0,436.0,238.0,390.0,727.0,353.0,360.0,221.0,354.0,124.0,734.0,431.0,0.0,132.0,548.0,422.0,303.0,497.0,591.0,652.0,568.0,584.0,611.0,471.0,548.0,495.0,647.0,380.0,490.0,678.0,559.0,575.0,491.0,507.0,630.0,534.0,471.0,608.0,570.0,601.0,482.0,600.0,633.0,559.0,595.0,626.0,458.0,541.0,469.0,578.0,462.0,457.0,305.0,197.0,188.0,210.0,455.0,312.0,417.0,473.0,491.0,453.0,484.0,679.0,723.0,500.0,427.0,355.0,437.0,574.0,384.0,536.0,379.0,567.0,448.0,177.0,168.0,190.0,627.0,327.0,504.0,429.0,115.0,137.0,671.0,445.0,516.0,532.0,496.0,507.0,442.0,597.0,513.0,529.0,556.0,493.0,592.0,623.0,504.0,394.0,418.0,413.0,303.0,419.0,443.0,438.0,328.0,352.0,395.0,332.0,343.0,279.0,545.0,571.0,164.0,274.0,374.0,310.0,218.0,461.0,477.0,504.0,540.0,338.0,381.0,448.0,354.0,365.0,301.0,186.0,296.0,416.0,440.0,435.0,325.0,290.0,237.0,122.0,232.0,364.0,441.0,388.0,383.0,452.0,269.0,318.0,329.0,292.0,265.0,239.0,273.0,22.0,150.0,260.0,124.0,234.0,514.0,536.0,386.0,390.0,281.0,303.0,126.0,117.0,139.0,239.0,267.0,241.0,657.0,705.0,701.0,375.0,397.0,480.0,484.0,333.0,335.0,361.0,211.0,233.0,368.0,272.0,394.0,294.0,396.0,422.0,518.0,675.0,562.0,255.0,277.0,326.0,328.0,354.0,204.0,226.0,231.0,253.0,91.0,213.0,113.0,241.0,215.0,229.0,188.0,179.0,201.0,301.0,267.0,389.0,289.0,391.0,417.0,298.0,420.0,320.0,110.0,540.0,584.0,476.0,623.0,667.0,376.0,478.0
v17,553.0,535.0,288.0,407.0,304.0,150.0,258.0,595.0,221.0,266.0,133.0,266.0,36.0,602.0,299.0,132.0,0.0,416.0,290.0,171.0,365.0,459.0,520.0,436.0,452.0,479.0,377.0,416.0,363.0,515.0,468.0,358.0,546.0,427.0,443.0,359.0,375.0,498.0,402.0,339.0,476.0,438.0,469.0,350.0,468.0,501.0,427.0,463.0,494.0,326.0,409.0,337.0,446.0,330.0,325.0,217.0,109.0,100.0,78.0,323.0,180.0,285.0,341.0,359.0,321.0,352.0,547.0,591.0,368.0,295.0,223.0,305.0,442.0,252.0,404.0,247.0,435.0,316.0,89.0,80.0,58.0,495.0,195.0,372.0,297.0,27.0,5.0,539.0,313.0,384.0,400.0,364.0,375.0,310.0,465.0,381.0,397.0,424.0,361.0,460.0,491.0,372.0,300.0,286.0,281.0,391.0,325.0,311.0,306.0,416.0,220.0,263.0,200.0,211.0,147.0,413.0,439.0,252.0,142.0,242.0,178.0,130.0,329.0,345.0,372.0,408.0,206.0,249.0,316.0,222.0,233.0,169.0,274.0,164.0,322.0,308.0,303.0,413.0,158.0,105.0,210.0,100.0,270.0,309.0,256.0,251.0,320.0,357.0,186.0,197.0,160.0,133.0,107.0,361.0,110.0,238.0,128.0,212.0,102.0,382.0,404.0,254.0,258.0,149.0,171.0,38.0,29.0,7.0,107.0,135.0,109.0,525.0,573.0,569.0,243.0,265.0,348.0,352.0,201.0,203.0,229.0,123.0,101.0,236.0,184.0,262.0,162.0,264.0,290.0,386.0,543.0,430.0,161.0,183.0,194.0,196.0,222.0,116.0,94.0,143.0,121.0,41.0,119.0,19.0,147.0,121.0,141.0,100.0,91.0,69.0,169.0,179.0,257.0,157.0,259.0,285.0,210.0,288.0,188.0,22.0,408.0,452.0,344.0,491.0,535.0,244.0,346.0
v18,323.0,695.0,434.0,365.0,140.0,410.0,230.0,179.0,195.0,426.0,433.0,194.0,442.0,186.0,145.0,548.0,416.0,0.0,126.0,245.0,511.0,417.0,356.0,440.0,424.0,397.0,537.0,460.0,513.0,361.0,628.0,518.0,330.0,449.0,279.0,363.0,347.0,268.0,320.0,383.0,246.0,284.0,253.0,372.0,304.0,271.0,345.0,309.0,278.0,162.0,245.0,107.0,216.0,114.0,329.0,243.0,369.0,360.0,338.0,93.0,236.0,203.0,313.0,129.0,167.0,136.0,219.0,175.0,286.0,121.0,193.0,349.0,212.0,402.0,250.0,407.0,219.0,338.0,389.0,380.0,358.0,167.0,221.0,44.0,119.0,433.0,411.0,123.0,459.0,388.0,372.0,408.0,397.0,456.0,301.0,385.0,369.0,342.0,405.0,306.0,275.0,394.0,460.0,436.0,441.0,551.0,485.0,461.0,466.0,576.0,224.0,181.0,244.0,233.0,297.0,249.0,223.0,412.0,302.0,246.0,238.0,430.0,333.0,317.0,290.0,254.0,210.0,167.0,100.0,266.0,255.0,319.0,434.0,324.0,482.0,458.0,463.0,573.0,258.0,311.0,426.0,316.0,430.0,353.0,406.0,411.0,342.0,517.0,230.0,219.0,256.0,283.0,309.0,521.0,526.0,398.0,288.0,424.0,314.0,340.0,362.0,400.0,404.0,295.0,317.0,440.0,431.0,409.0,309.0,281.0,307.0,197.0,157.0,153.0,201.0,223.0,306.0,310.0,215.0,213.0,187.0,337.0,315.0,208.0,276.0,154.0,254.0,152.0,126.0,58.0,127.0,14.0,321.0,343.0,222.0,220.0,194.0,344.0,322.0,317.0,295.0,457.0,335.0,435.0,307.0,333.0,419.0,378.0,369.0,347.0,247.0,281.0,159.0,259.0,157.0,131.0,250.0,128.0,228.0,438.0,80.0,36.0,72.0,163.0,119.0,172.0,70.0
v19,263.0,621.0,360.0,291.0,66.0,284.0,156.0,305.0,69.0,352.0,307.0,180.0,316.0,312.0,71.0,422.0,290.0,126.0,0.0,119.0,437.0,343.0,282.0,366.0,350.0,323.0,463.0,386.0,439.0,287.0,554.0,444.0,256.0,375.0,205.0,289.0,273.0,208.0,246.0,309.0,186.0,210.0,179.0,298.0,230.0,211.0,271.0,235.0,204.0,88.0,171.0,47.0,156.0,40.0,255.0,131.0,243.0,234.0,212.0,33.0,110.0,129.0,239.0,69.0,93.0,62.0,257.0,301.0,212.0,9.0,67.0,275.0,152.0,328.0,176.0,333.0,145.0,264.0,263.0,254.0,232.0,205.0,109.0,82.0,7.0,307.0,285.0,249.0,385.0,314.0,298.0,334.0,323.0,382.0,227.0,311.0,295.0,268.0,331.0,232.0,201.0,320.0,386.0,362.0,367.0,477.0,411.0,387.0,392.0,502.0,150.0,107.0,170.0,159.0,223.0,175.0,149.0,338.0,228.0,172.0,112.0,304.0,259.0,243.0,216.0,180.0,136.0,93.0,26.0,192.0,181.0,245.0,360.0,250.0,408.0,384.0,389.0,499.0,132.0,185.0,300.0,190.0,356.0,279.0,332.0,337.0,268.0,443.0,156.0,145.0,130.0,209.0,183.0,447.0,400.0,324.0,214.0,298.0,188.0,266.0,288.0,326.0,330.0,221.0,243.0,314.0,305.0,283.0,183.0,207.0,181.0,235.0,283.0,279.0,127.0,149.0,232.0,236.0,89.0,87.0,113.0,211.0,189.0,134.0,150.0,28.0,128.0,26.0,52.0,96.0,253.0,140.0,247.0,269.0,96.0,94.0,120.0,218.0,196.0,191.0,169.0,331.0,209.0,309.0,233.0,207.0,293.0,252.0,243.0,221.0,121.0,155.0,33.0,133.0,31.0,57.0,124.0,2.0,102.0,312.0,118.0,162.0,58.0,201.0,245.0,158.0,56.0
v20,382.0,502.0,241.0,236.0,133.0,183.0,87.0,424.0,54.0,233.0,188.0,299.0,197.0,431.0,128.0,303.0,171.0,245.0,119.0,0.0,318.0,288.0,349.0,265.0,281.0,308.0,344.0,267.0,320.0,344.0,435.0,325.0,375.0,256.0,272.0,188.0,204.0,327.0,231.0,190.0,305.0,267.0,298.0,179.0,297.0,330.0,256.0,292.0,323.0,155.0,238.0,166.0,275.0,159.0,154.0,250.0,142.0,133.0,111.0,152.0,9.0,114.0,170.0,188.0,150.0,181.0,376.0,420.0,197.0,128.0,52.0,156.0,271.0,209.0,233.0,214.0,264.0,145.0,144.0,135.0,113.0,324.0,228.0,201.0,126.0,188.0,166.0,368.0,266.0,213.0,229.0,215.0,204.0,263.0,294.0,210.0,226.0,253.0,212.0,289.0,320.0,201.0,267.0,243.0,248.0,358.0,292.0,268.0,273.0,383.0,49.0,92.0,51.0,40.0,104.0,242.0,268.0,219.0,109.0,71.0,11.0,185.0,158.0,174.0,201.0,237.0,35.0,78.0,145.0,73.0,62.0,126.0,241.0,131.0,289.0,265.0,270.0,380.0,13.0,66.0,181.0,71.0,237.0,160.0,213.0,218.0,149.0,324.0,37.0,26.0,11.0,90.0,64.0,328.0,281.0,205.0,95.0,179.0,69.0,211.0,233.0,207.0,211.0,102.0,124.0,195.0,186.0,164.0,64.0,88.0,62.0,354.0,402.0,398.0,72.0,94.0,177.0,181.0,34.0,32.0,58.0,156.0,134.0,65.0,217.0,95.0,195.0,93.0,119.0,215.0,372.0,259.0,128.0,150.0,27.0,25.0,51.0,149.0,127.0,176.0,154.0,212.0,90.0,190.0,114.0,88.0,174.0,133.0,124.0,102.0,2.0,212.0,90.0,190.0,88.0,114.0,243.0,121.0,221.0,193.0,237.0,281.0,177.0,320.0,364.0,277.0,175.0
m0,188.0,184.0,77.0,146.0,371.0,501.0,281.0,340.0,372.0,137.0,484.0,617.0,391.0,451.0,366.0,497.0,365.0,511.0,437.0,318.0,0.0,94.0,155.0,71.0,87.0,114.0,26.0,51.0,2.0,150.0,117.0,7.0,181.0,62.0,232.0,148.0,164.0,243.0,191.0,128.0,265.0,227.0,258.0,139.0,207.0,240.0,166.0,202.0,233.0,349.0,266.0,404.0,295.0,397.0,182.0,568.0,460.0,451.0,429.0,418.0,327.0,308.0,198.0,382.0,344.0,375.0,292.0,336.0,225.0,446.0,370.0,162.0,299.0,113.0,261.0,118.0,292.0,173.0,440.0,431.0,409.0,344.0,546.0,467.0,444.0,382.0,360.0,388.0,52.0,123.0,139.0,103.0,114.0,55.0,210.0,126.0,142.0,169.0,106.0,205.0,236.0,117.0,103.0,79.0,84.0,194.0,78.0,54.0,59.0,169.0,287.0,330.0,267.0,278.0,218.0,262.0,288.0,333.0,223.0,265.0,329.0,481.0,178.0,194.0,221.0,257.0,301.0,344.0,411.0,245.0,256.0,196.0,311.0,201.0,81.0,57.0,62.0,172.0,309.0,260.0,375.0,265.0,133.0,158.0,109.0,114.0,169.0,228.0,281.0,292.0,307.0,232.0,258.0,224.0,475.0,347.0,237.0,373.0,263.0,171.0,149.0,111.0,107.0,216.0,194.0,389.0,380.0,358.0,258.0,230.0,256.0,314.0,362.0,358.0,310.0,288.0,205.0,201.0,352.0,350.0,324.0,474.0,452.0,303.0,535.0,413.0,513.0,411.0,385.0,453.0,392.0,497.0,242.0,220.0,345.0,343.0,317.0,467.0,445.0,494.0,472.0,406.0,284.0,384.0,256.0,282.0,492.0,451.0,442.0,420.0,320.0,530.0,408.0,508.0,406.0,380.0,561.0,439.0,539.0,387.0,431.0,475.0,495.0,348.0,392.0,595.0,493.0
m1,94.0,278.0,171.0,52.0,277.0,453.0,201.0,246.0,278.0,231.0,476.0,523.0,485.0,357.0,272.0,591.0,459.0,417.0,343.0,288.0,94.0,0.0,61.0,23.0,7.0,20.0,120.0,43.0,96.0,56.0,211.0,101.0,87.0,32.0,138.0,100.0,84.0,149.0,97.0,120.0,171.0,133.0,164.0,109.0,113.0,146.0,72.0,108.0,139.0,255.0,172.0,310.0,201.0,303.0,134.0,474.0,412.0,403.0,381.0,324.0,279.0,214.0,118.0,288.0,250.0,281.0,198.0,242.0,131.0,352.0,276.0,154.0,205.0,207.0,167.0,212.0,198.0,143.0,432.0,423.0,401.0,250.0,452.0,373.0,350.0,476.0,454.0,294.0,146.0,75.0,59.0,95.0,84.0,149.0,116.0,78.0,62.0,75.0,98.0,111.0,142.0,87.0,197.0,173.0,178.0,288.0,172.0,148.0,153.0,263.0,239.0,236.0,259.0,248.0,312.0,168.0,194.0,427.0,317.0,217.0,281.0,473.0,130.0,114.0,127.0,163.0,253.0,250.0,317.0,237.0,226.0,290.0,405.0,295.0,175.0,151.0,156.0,266.0,301.0,354.0,469.0,359.0,227.0,150.0,203.0,208.0,139.0,322.0,273.0,262.0,299.0,326.0,352.0,318.0,569.0,441.0,331.0,467.0,357.0,77.0,55.0,205.0,201.0,310.0,288.0,483.0,474.0,452.0,352.0,324.0,350.0,220.0,268.0,264.0,216.0,194.0,111.0,107.0,258.0,256.0,230.0,380.0,358.0,223.0,441.0,319.0,419.0,317.0,291.0,359.0,298.0,403.0,336.0,314.0,265.0,263.0,237.0,387.0,365.0,400.0,378.0,500.0,378.0,478.0,350.0,376.0,462.0,421.0,412.0,390.0,290.0,436.0,314.0,414.0,312.0,286.0,467.0,345.0,445.0,481.0,337.0,381.0,401.0,254.0,298.0,501.0,399.0
m2,33.0,339.0,232.0,113.0,216.0,514.0,262.0,185.0,299.0,292.0,537.0,462.0,546.0,296.0,221.0,652.0,520.0,356.0,282.0,349.0,155.0,61.0,0.0,84.0,68.0,41.0,181.0,104.0,157.0,5.0,272.0,162.0,26.0,93.0,77.0,161.0,145.0,88.0,118.0,181.0,110.0,82.0,103.0,170.0,52.0,85.0,93.0,57.0,78.0,194.0,111.0,249.0,140.0,242.0,195.0,413.0,473.0,464.0,442.0,263.0,340.0,235.0,179.0,227.0,199.0,220.0,137.0,181.0,152.0,291.0,297.0,215.0,144.0,268.0,116.0,273.0,137.0,204.0,493.0,484.0,462.0,189.0,391.0,312.0,289.0,537.0,515.0,233.0,207.0,136.0,120.0,156.0,145.0,210.0,55.0,139.0,123.0,96.0,159.0,60.0,81.0,148.0,258.0,234.0,239.0,349.0,233.0,209.0,214.0,324.0,300.0,257.0,320.0,309.0,373.0,107.0,133.0,488.0,378.0,278.0,342.0,534.0,191.0,175.0,148.0,112.0,314.0,271.0,256.0,298.0,287.0,351.0,466.0,356.0,236.0,212.0,217.0,327.0,362.0,415.0,530.0,420.0,288.0,211.0,264.0,269.0,200.0,383.0,334.0,323.0,360.0,387.0,413.0,379.0,630.0,502.0,392.0,528.0,418.0,138.0,116.0,266.0,262.0,371.0,349.0,544.0,535.0,513.0,413.0,385.0,411.0,159.0,207.0,203.0,277.0,255.0,172.0,168.0,319.0,317.0,291.0,441.0,419.0,284.0,380.0,258.0,358.0,256.0,230.0,298.0,237.0,342.0,397.0,375.0,326.0,324.0,298.0,448.0,426.0,421.0,399.0,561.0,439.0,539.0,411.0,437.0,523.0,482.0,473.0,451.0,351.0,385.0,263.0,363.0,261.0,235.0,406.0,284.0,384.0,542.0,276.0,320.0,340.0,193.0,237.0,440.0,338.0
m3,117.0,255.0,148.0,75.0,300.0,430.0,210.0,269.0,301.0,208.0,453.0,546.0,462.0,380.0,295.0,568.0,436.0,440.0,366.0,265.0,71.0,23.0,84.0,0.0,16.0,43.0,97.0,20.0,73.0,79.0,188.0,78.0,110.0,9.0,161.0,77.0,93.0,172.0,120.0,97.0,194.0,156.0,187.0,86.0,136.0,169.0,95.0,131.0,162.0,278.0,195.0,333.0,224.0,326.0,111.0,497.0,389.0,380.0,358.0,347.0,256.0,237.0,127.0,311.0,273.0,304.0,221.0,265.0,154.0,375.0,299.0,131.0,228.0,184.0,190.0,189.0,221.0,120.0,409.0,400.0,378.0,273.0,475.0,396.0,373.0,453.0,431.0,317.0,123.0,52.0,68.0,72.0,61.0,126.0,139.0,55.0,71.0,98.0,75.0,134.0,165.0,64.0,174.0,150.0,155.0,265.0,149.0,125.0,130.0,240.0,216.0,259.0,236.0,225.0,289.0,191.0,217.0,404.0,294.0,194.0,258.0,450.0,107.0,123.0,150.0,186.0,230.0,273.0,340.0,214.0,203.0,267.0,382.0,272.0,152.0,128.0,133.0,243.0,278.0,331.0,446.0,336.0,204.0,127.0,180.0,185.0,116.0,299.0,250.0,239.0,276.0,303.0,329.0,295.0,546.0,418.0,308.0,444.0,334.0,100.0,78.0,182.0,178.0,287.0,265.0,460.0,451.0,429.0,329.0,301.0,327.0,243.0,291.0,287.0,239.0,217.0,134.0,130.0,281.0,279.0,253.0,403.0,381.0,232.0,464.0,342.0,442.0,340.0,314.0,382.0,321.0,426.0,313.0,291.0,274.0,272.0,246.0,396.0,374.0,423.0,401.0,477.0,355.0,455.0,327.0,353.0,439.0,398.0,389.0,367.0,267.0,459.0,337.0,437.0,335.0,309.0,490.0,368.0,468.0,458.0,360.0,404.0,424.0,277.0,321.0,524.0,422.0
m4,101.0,271.0,164.0,59.0,284.0,446.0,194.0,253.0,285.0,224.0,469.0,530.0,478.0,364.0,279.0,584.0,452.0,424.0,350.0,281.0,87.0,7.0,68.0,16.0,0.0,27.0,113.0,36.0,89.0,63.0,204.0,94.0,94.0,25.0,145.0,93.0,77.0,156.0,104.0,113.0,178.0,140.0,171.0,102.0,120.0,153.0,79.0,115.0,146.0,262.0,179.0,317.0,208.0,310.0,127.0,481.0,405.0,396.0,374.0,331.0,272.0,221.0,111.0,295.0,257.0,288.0,205.0,249.0,138.0,359.0,283.0,147.0,212.0,200.0,174.0,205.0,205.0,136.0,425.0,416.0,394.0,257.0,459.0,380.0,357.0,469.0,447.0,301.0,139.0,68.0,52.0,88.0,77.0,142.0,123.0,71.0,55.0,82.0,91.0,118.0,149.0,80.0,190.0,166.0,171.0,281.0,165.0,141.0,146.0,256.0,232.0,243.0,252.0,241.0,305.0,175.0,201.0,420.0,310.0,210.0,274.0,466.0,123.0,107.0,134.0,170.0,246.0,257.0,324.0,230.0,219.0,283.0,398.0,288.0,168.0,144.0,149.0,259.0,294.0,347.0,462.0,352.0,220.0,143.0,196.0,201.0,132.0,315.0,266.0,255.0,292.0,319.0,345.0,311.0,562.0,434.0,324.0,460.0,350.0,84.0,62.0,198.0,194.0,303.0,281.0,476.0,467.0,445.0,345.0,317.0,343.0,227.0,275.0,271.0,223.0,201.0,118.0,114.0,265.0,263.0,237.0,387.0,365.0,216.0,448.0,326.0,426.0,324.0,298.0,366.0,305.0,410.0,329.0,307.0,258.0,256.0,230.0,380.0,358.0,407.0,385.0,493.0,371.0,471.0,343.0,369.0,455.0,414.0,405.0,383.0,283.0,443.0,321.0,421.0,319.0,293.0,474.0,352.0,452.0,474.0,344.0,388.0,408.0,261.0,305.0,508.0,406.0
m5,74.0,298.0,191.0,72.0,257.0,473.0,221.0,226.0,258.0,251.0,496.0,503.0,505.0,337.0,252.0,611.0,479.0,397.0,323.0,308.0,114.0,20.0,41.0,43.0,27.0,0.0,140.0,63.0,116.0,36.0,231.0,121.0,67.0,52.0,118.0,120.0,104.0,129.0,77.0,140.0,151.0,113.0,144.0,129.0,93.0,126.0,52.0,88.0,119.0,235.0,152.0,290.0,181.0,283.0,154.0,454.0,432.0,423.0,401.0,304.0,299.0,194.0,138.0,268.0,230.0,261.0,178.0,222.0,111.0,332.0,256.0,174.0,185.0,227.0,147.0,232.0,178.0,163.0,452.0,443.0,421.0,230.0,432.0,353.0,330.0,496.0,474.0,274.0,166.0,95.0,79.0,115.0,104.0,169.0,96.0,98.0,82.0,55.0,118.0,91.0,122.0,107.0,217.0,193.0,198.0,308.0,192.0,168.0,173.0,283.0,259.0,216.0,279.0,268.0,332.0,148.0,174.0,447.0,337.0,237.0,301.0,493.0,150.0,134.0,107.0,143.0,273.0,230.0,297.0,257.0,246.0,310.0,425.0,315.0,195.0,171.0,176.0,286.0,321.0,374.0,489.0,379.0,247.0,170.0,223.0,228.0,159.0,342.0,293.0,282.0,319.0,346.0,372.0,338.0,589.0,461.0,351.0,487.0,377.0,97.0,75.0,225.0,221.0,330.0,308.0,503.0,494.0,472.0,372.0,344.0,370.0,200.0,248.0,244.0,236.0,214.0,131.0,127.0,278.0,276.0,250.0,400.0,378.0,243.0,421.0,299.0,399.0,297.0,271.0,339.0,278.0,383.0,356.0,334.0,285.0,283.0,257.0,407.0,385.0,380.0,358.0,520.0,398.0,498.0,370.0,396.0,482.0,441.0,432.0,410.0,310.0,416.0,294.0,394.0,292.0,266.0,447.0,325.0,425.0,501.0,317.0,361.0,381.0,234.0,278.0,481.0,379.0
m6,214.0,158.0,103.0,172.0,397.0,527.0,307.0,366.0,398.0,111.0,510.0,643.0,413.0,477.0,392.0,471.0,377.0,537.0,463.0,344.0,26.0,120.0,181.0,97.0,113.0,140.0,0.0,77.0,24.0,176.0,91.0,19.0,207.0,88.0,258.0,174.0,190.0,269.0,217.0,154.0,291.0,253.0,284.0,165.0,233.0,266.0,192.0,228.0,259.0,375.0,292.0,430.0,321.0,423.0,208.0,594.0,486.0,477.0,455.0,444.0,353.0,334.0,224.0,408.0,370.0,401.0,318.0,362.0,251.0,472.0,396.0,188.0,325.0,135.0,287.0,130.0,318.0,199.0,466.0,457.0,435.0,370.0,572.0,493.0,470.0,404.0,382.0,414.0,78.0,149.0,165.0,129.0,140.0,81.0,236.0,152.0,168.0,195.0,132.0,231.0,262.0,143.0,77.0,101.0,96.0,168.0,52.0,76.0,71.0,143.0,313.0,356.0,293.0,304.0,240.0,288.0,314.0,307.0,235.0,291.0,355.0,507.0,204.0,220.0,247.0,283.0,327.0,370.0,437.0,271.0,282.0,218.0,285.0,213.0,55.0,79.0,74.0,146.0,335.0,282.0,349.0,277.0,107.0,184.0,131.0,126.0,195.0,202.0,307.0,318.0,333.0,254.0,280.0,198.0,449.0,321.0,249.0,347.0,275.0,197.0,175.0,137.0,133.0,242.0,220.0,415.0,406.0,384.0,284.0,256.0,282.0,340.0,388.0,384.0,336.0,314.0,231.0,227.0,378.0,376.0,350.0,500.0,478.0,329.0,561.0,439.0,539.0,437.0,411.0,479.0,418.0,523.0,216.0,194.0,371.0,369.0,343.0,493.0,471.0,520.0,498.0,380.0,258.0,358.0,230.0,256.0,518.0,477.0,468.0,446.0,346.0,556.0,434.0,534.0,432.0,406.0,587.0,465.0,565.0,399.0,457.0,501.0,521.0,374.0,418.0,621.0,519.0
m7,137.0,235.0,128.0,95.0,320.0,450.0,230.0,289.0,321.0,188.0,433.0,566.0,442.0,400.0,315.0,548.0,416.0,460.0,386.0,267.0,51.0,43.0,104.0,20.0,36.0,63.0,77.0,0.0,53.0,99.0,168.0,58.0,130.0,11.0,181.0,97.0,113.0,192.0,140.0,77.0,214.0,176.0,207.0,88.0,156.0,189.0,115.0,151.0,182.0,298.0,215.0,353.0,244.0,346.0,131.0,517.0,409.0,400.0,378.0,367.0,276.0,257.0,147.0,331.0,293.0,324.0,241.0,285.0,174.0,395.0,319.0,111.0,248.0,164.0,210.0,169.0,241.0,122.0,389.0,380.0,358.0,293.0,495.0,416.0,393.0,433.0,411.0,337.0,103.0,72.0,88.0,52.0,63.0,106.0,159.0,75.0,91.0,118.0,55.0,154.0,185.0,66.0,154.0,130.0,135.0,245.0,129.0,105.0,110.0,220.0,236.0,279.0,216.0,227.0,269.0,211.0,237.0,384.0,274.0,214.0,278.0,430.0,127.0,143.0,170.0,206.0,250.0,293.0,360.0,194.0,205.0,247.0,362.0,252.0,132.0,108.0,113.0,223.0,258.0,311.0,426.0,316.0,184.0,107.0,160.0,165.0,118.0,279.0,230.0,241.0,256.0,283.0,309.0,275.0,526.0,398.0,288.0,424.0,314.0,120.0,98.0,162.0,158.0,267.0,245.0,440.0,431.0,409.0,309.0,281.0,307.0,263.0,311.0,307.0,259.0,237.0,154.0,150.0,301.0,299.0,273.0,423.0,401.0,252.0,484.0,362.0,462.0,360.0,334.0,402.0,341.0,446.0,293.0,271.0,294.0,292.0,266.0,416.0,394.0,443.0,421.0,457.0,335.0,435.0,307.0,333.0,441.0,400.0,391.0,369.0,269.0,479.0,357.0,457.0,355.0,329.0,510.0,388.0,488.0,438.0,380.0,424.0,444.0,297.0,341.0,544.0,442.0
m8,190.0,182.0,79.0,148.0,373.0,503.0,283.0,342.0,374.0,135.0,486.0,619.0,389.0,453.0,368.0,495.0,363.0,513.0,439.0,320.0,2.0,96.0,157.0,73.0,89.0,116.0,24.0,53.0,0.0,152.0,115.0,5.0,183.0,64.0,234.0,150.0,166.0,245.0,193.0,130.0,267.0,229.0,260.0,141.0,209.0,242.0,168.0,204.0,235.0,351.0,268.0,406.0,297.0,399.0,184.0,570.0,462.0,453.0,431.0,420.0,329.0,310.0,200.0,384.0,346.0,377.0,294.0,338.0,227.0,448.0,372.0,164.0,301.0,111.0,263.0,116.0,294.0,175.0,442.0,433.0,411.0,346.0,548.0,469.0,446.0,380.0,358.0,390.0,54.0,125.0,141.0,105.0,116.0,57.0,212.0,128.0,144.0,171.0,108.0,207.0,238.0,119.0,101.0,77.0,82.0,192.0,76.0,52.0,57.0,167.0,289.0,332.0,269.0,280.0,216.0,264.0,290.0,331.0,221.0,267.0,331.0,483.0,180.0,196.0,223.0,259.0,303.0,346.0,413.0,247.0,258.0,194.0,309.0,199.0,79.0,55.0,60.0,170.0,311.0,258.0,373.0,263.0,131.0,160.0,107.0,112.0,171.0,226.0,283.0,294.0,309.0,230.0,256.0,222.0,473.0,345.0,235.0,371.0,261.0,173.0,151.0,113.0,109.0,218.0,196.0,391.0,382.0,360.0,260.0,232.0,258.0,316.0,364.0,360.0,312.0,290.0,207.0,203.0,354.0,352.0,326.0,476.0,454.0,305.0,537.0,415.0,515.0,413.0,387.0,455.0,394.0,499.0,240.0,218.0,347.0,345.0,319.0,469.0,447.0,496.0,474.0,404.0,282.0,382.0,254.0,280.0,494.0,453.0,444.0,422.0,322.0,532.0,410.0,510.0,408.0,382.0,563.0,441.0,541.0,385.0,433.0,477.0,497.0,350.0,394.0,597.0,495.0
