,v1,v2,v3,v4,v5,v6,v7,v8,v9,v10
v1,0,39,49,61,24,30,21,14,37,19
v2,39,0,30,38,31,21,44,53,58,42
v3,49,30,0,12,57,19,70,37,28,68
v4,61,38,12,0,69,31,82,49,24,80
v5,24,31,57,69,0,38,17,38,45,19
v6,30,21,19,31,38,0,51,32,37,49
v7,21,44,70,82,17,51,0,33,58,2
v8,14,53,37,49,38,32,33,0,25,31
v9,37,58,28,24,45,37,58,25,0,56
v10,19,42,68,80,19,49,2,31,56,0
