,v1,v2,v3,v4,v5,v6,v7,v8,v9,v10
v1,0,20,35,43,30,21,11,43,30,43
v2,20,0,15,23,12,13,9,23,20,23
v3,35,15,0,12,15,14,24,8,23,8
v4,43,23,12,0,13,22,32,6,13,4
v5,30,12,15,13,0,25,19,13,8,13
v6,21,13,14,22,25,0,10,22,33,22
v7,11,9,24,32,19,10,0,32,23,32
v8,43,23,8,6,13,22,32,0,17,2
v9,30,20,23,13,8,33,23,17,0,15
v10,43,23,8,4,13,22,32,2,15,0
