,v1,v2,v3,v4,v5,v6,v7,v8,v9,v10
v1,0,24,19,53,43,9,20,8,26,8
v2,24,0,9,29,67,33,44,16,26,32
v3,19,9,0,34,58,28,35,11,17,23
v4,53,29,34,0,38,62,67,45,27,49
v5,43,67,58,38,0,48,31,51,41,35
v6,9,33,28,62,48,0,25,17,35,13
v7,20,44,35,67,31,25,0,28,40,18
v8,8,16,11,45,51,17,28,0,18,16
v9,26,26,17,27,41,35,40,18,0,22
v10,8,32,23,49,35,13,18,16,22,0
