,v1,v2,v3,v4,v5,v6,v7,v8,v9,v10
v1,0,22,34,7,14,28,8,9,11,30
v2,22,0,22,29,34,20,28,29,33,52
v3,34,22,0,41,46,6,40,41,45,64
v4,7,29,41,0,15,35,7,8,6,23
v5,14,34,46,15,0,40,22,23,21,26
v6,28,20,6,35,40,0,34,35,39,58
v7,8,28,40,7,22,34,0,1,5,24
v8,9,29,41,8,23,35,1,0,4,23
v9,11,33,45,6,21,39,5,4,0,19
v10,30,52,64,23,26,58,24,23,19,0
