,v1,v2,v3,v4,v5,v6,v7,v8,v9,v10
v1,0,19,75,47,11,64,43,27,59,6
v2,19,0,56,38,22,45,24,10,40,21
v3,75,56,0,30,78,17,32,48,24,77
v4,47,38,30,0,50,47,34,48,54,49
v5,11,22,78,50,0,67,46,30,62,5
v6,64,45,17,47,67,0,21,37,7,66
v7,43,24,32,34,46,21,0,16,20,45
v8,27,10,48,48,30,37,16,0,32,29
v9,59,40,24,54,62,7,20,32,0,61
v10,6,21,77,49,5,66,45,29,61,0
