,v1,v2,v3,v4,v5,v6,v7,v8,v9,v10
v1,0,54,24,34,24,4,66,44,13,13
v2,54,0,76,20,30,54,44,34,67,41
v3,24,76,0,56,46,22,42,42,27,35
v4,34,20,56,0,18,34,38,16,47,23
v5,24,30,46,18,0,24,56,34,37,11
v6,4,54,22,34,24,0,62,40,13,13
v7,66,44,42,38,56,62,0,22,69,61
v8,44,34,42,16,34,40,22,0,47,39
v9,13,67,27,47,37,13,69,47,0,26
v10,13,41,35,23,11,13,61,39,26,0
