,v1,v2,v3,v4,v5,v6,v7,v8,v9,v10
v1,0,26,41,22,48,43,26,19,58,28
v2,26,0,45,18,36,17,32,23,32,32
v3,41,45,0,63,55,50,15,22,65,25
v4,22,18,63,0,54,27,48,41,44,50
v5,48,36,55,54,0,27,54,41,10,30
v6,43,17,50,27,27,0,49,36,17,25
v7,26,32,15,48,54,49,0,13,64,24
v8,19,23,22,41,41,36,13,0,51,11
v9,58,32,65,44,10,17,64,51,0,40
v10,28,32,25,50,30,25,24,11,40,0
