,v1,v2,v3,v4,v5,v6,v7,v8,v9,v10,v11
v1,0,48,8,45,47,33,58,21,17,67,42
v2,48,0,40,9,33,19,18,41,53,19,32
v3,8,40,0,37,39,25,50,13,25,59,34
v4,45,9,37,0,24,12,13,32,50,22,29
v5,47,33,39,24,0,14,15,26,52,22,39
v6,33,19,25,12,14,0,25,22,38,34,25
v7,58,18,50,13,15,25,0,37,63,9,42
v8,21,41,13,32,26,22,37,0,38,46,47
v9,17,53,25,50,52,38,63,38,0,72,47
v10,67,19,59,22,22,34,9,46,72,0,51
v11,42,32,34,29,39,25,42,47,47,51,0
