,v1,v2,v3,v4,v5,v6,v7,v8
v1,0,31,9,44,17,88,26,58
v2,31,0,22,41,14,95,49,49
v3,9,22,0,41,14,85,29,49
v4,44,41,41,0,27,88,70,76
v5,17,14,14,27,0,81,43,49
v6,88,95,85,88,81,0,70,122
v7,26,49,29,70,43,70,0,76
v8,58,49,49,76,49,122,76,0
