,v1,v2,v3,v4,v5,v6,v7,v8,v9,v10,v11
v1,0,31,9,44,17,88,26,58,86,23,26
v2,31,0,22,41,14,95,49,49,83,28,17
v3,9,22,0,41,14,85,29,49,83,14,17
v4,44,41,41,0,27,88,70,76,52,55,48
v5,17,14,14,27,0,81,43,49,69,28,21
v6,88,95,85,88,81,0,70,122,36,99,92
v7,26,49,29,70,43,70,0,76,68,41,44
v8,58,49,49,76,49,122,76,0,118,35,36
v9,86,83,83,52,69,36,68,118,0,97,90
v10,23,28,14,55,28,99,41,35,97,0,11
v11,26,17,17,48,21,92,44,36,90,11,0
