,v1,v2,v3,v4,v5,v6,v7,v8,v9,v10,v11,v12,v13,v14,v15,v16,v17,v18,v19,v20,v21,v22,v23,v24,v25,v26,v27,v28,v29,v30,v31,v32,v33,v34,v35,v36,v37,v38,v39,v40,v41,v42,v43,v44,v45,v46,v47,v48,v49,v50,v51,v52,v53,v54,v55,v56,v57,v58,v59,v60,v61,v62,v63,v64,v65,v66,v67,v68,v69,v70,v71,v72,v73,v74,v75,v76,v77,v78,v79,v80,v81,v82,v83,v84,v85,v86,v87,v88,v89,v90,v91,v92,v93,v94,v95,v96,v97,v98,v99,v100,v101,v102,v103,v104,v105,v106,v107,v108,v109,v110,v111,v112,v113,v114,v115,v116,v117,v118,v119,v120,v121,v122,v123,v124,v125,v126,v127,v128,v129,v130,v131,v132,v133,v134,v135,v136,v137,v138,v139,v140,v141,v142,v143,v144,v145,v146,v147,v148,v149,v150,v151,v152,v153,v154,v155,v156,v157,v158,v159,v160
v1,0,487,1508,936,848,888,981,434,1165,266,519,871,1130,135,1270,808,868,426,541,637,920,398,315,839,795,574,525,681,417,845,361,818,1312,1032,1029,885,243,988,602,548,831,902,679,857,495,464,553,451,203,889,201,397,849,959,367,857,135,1022,551,450,410,1444,906,860,590,606,1006,417,748,362,825,206,76,672,228,1511,1348,1074,447,1137,784,911,373,403,694,1031,387,579,574,930,999,592,491,801,728,595,767,398,1101,730,734,759,988,605,574,529,473,1126,749,827,929,726,1214,607,688,434,631,1082,567,509,948,510,983,898,765,482,1022,129,959,617,682,809,583,539,1125,584,648,833,263,629,825,493,927,877,1093,150,1097,561,1372,491,268,582,504,1120,972,170,1190,238,544,524
v2,487,0,1021,449,559,859,494,669,892,693,754,1106,961,364,783,321,381,661,206,150,1155,507,550,1074,308,147,550,718,182,358,596,1053,825,545,1264,1120,478,699,837,61,344,415,412,698,642,699,122,686,284,422,286,244,362,472,336,370,352,1257,134,341,645,957,419,1095,177,841,729,70,261,597,358,629,551,421,695,1024,861,587,398,650,297,424,608,638,207,930,100,126,641,443,814,827,196,982,241,498,708,635,614,243,247,732,1223,840,305,764,40,639,462,578,1164,681,727,824,629,343,324,595,466,642,1183,275,496,411,554,445,535,512,926,130,261,1044,818,774,638,685,883,1068,364,364,338,258,440,1112,606,545,610,392,885,256,233,95,59,633,1207,361,703,259,187,201
v3,1508,1021,0,572,660,620,715,1292,343,1714,1527,913,408,1385,238,700,640,1136,967,871,1016,1110,1521,1023,713,934,983,827,1167,663,1167,988,196,476,901,1113,1319,520,1134,960,677,774,829,651,1013,1172,955,1235,1305,619,1307,1111,659,549,1141,651,1373,836,957,1058,1384,64,602,700,918,1280,502,1091,760,1474,683,1650,1572,836,1716,13,244,434,1061,525,724,635,1615,1625,814,477,1121,929,934,578,509,1342,1017,707,780,913,741,1656,407,778,774,749,938,1107,934,1095,1035,382,759,681,991,782,294,901,820,1074,877,426,941,999,1092,1110,525,610,743,1026,630,1533,549,891,826,851,969,1211,431,924,890,1129,1245,879,683,1079,637,1223,429,1566,411,947,138,1035,1240,926,1004,388,984,1338,456,1270,964,984
v4,936,449,572,0,436,736,285,720,769,1142,955,983,838,813,334,128,222,564,395,299,1032,538,949,951,141,362,427,595,595,119,595,930,376,96,1141,997,747,576,714,388,161,344,289,575,519,600,383,663,733,299,735,539,111,115,569,89,801,1134,385,486,812,508,252,972,346,718,606,519,308,902,235,1078,1000,298,1144,575,412,398,489,201,162,205,1043,1053,242,807,549,357,518,312,691,770,445,859,208,375,585,1084,165,206,202,609,1100,717,362,641,463,444,339,455,1041,558,522,701,506,502,305,314,369,519,1060,538,267,216,431,454,200,961,803,319,254,921,695,651,189,562,760,945,673,307,111,507,207,989,157,994,255,375,568,463,668,354,432,282,1084,766,254,698,392,412
v5,848,559,660,436,0,300,721,632,333,1054,867,547,402,725,422,554,214,476,765,673,596,450,861,515,565,412,323,167,741,555,507,494,464,402,705,561,659,140,474,508,597,780,169,139,353,512,437,575,645,137,647,451,547,321,481,525,713,698,425,398,724,596,184,536,736,620,170,505,744,814,201,990,912,176,1056,663,500,226,401,531,598,641,955,965,512,371,653,685,274,124,255,682,363,423,550,253,149,996,323,458,592,173,664,447,274,435,599,278,99,21,605,122,366,265,160,414,235,234,281,339,624,834,169,220,83,366,636,873,367,635,298,485,309,551,437,264,324,509,585,219,483,817,643,563,435,906,249,287,524,815,580,654,500,272,648,678,462,610,746,760
v6,888,859,620,736,300,0,1021,672,277,1094,907,293,242,765,412,854,514,516,1065,973,396,490,901,403,865,712,363,207,1041,855,547,368,424,702,405,493,699,160,514,808,897,1080,447,161,393,552,737,615,731,437,741,615,847,621,523,825,753,398,725,518,764,556,484,236,1036,660,130,805,1044,854,501,1030,952,438,1096,623,550,338,461,831,898,941,995,1005,812,143,953,985,314,424,111,722,663,123,850,361,151,1036,623,758,892,129,364,487,554,475,899,292,397,281,371,178,326,281,230,516,535,422,393,379,472,1134,469,520,305,414,936,913,71,935,598,231,349,591,737,304,270,509,625,495,783,1117,943,603,735,946,481,467,484,1115,626,954,800,454,364,718,762,650,1046,1060
v7,981,494,715,285,721,1021,0,831,1054,1187,1000,1268,1123,858,609,173,507,823,440,344,1317,669,994,1236,186,407,712,880,640,166,758,1215,599,319,1426,1282,792,861,999,433,150,79,574,860,804,861,428,848,778,584,780,584,174,400,614,196,846,1419,430,531,857,737,537,1257,391,1003,891,564,233,947,520,1123,1045,583,1189,728,471,683,560,190,197,80,1088,1098,287,1092,594,402,803,597,976,989,490,1144,253,660,870,1129,398,263,247,894,1385,1002,467,926,508,729,624,740,1326,843,807,986,791,547,486,599,628,804,1345,583,552,501,716,607,85,1006,1088,364,423,1206,980,936,284,847,1045,1230,718,526,238,552,78,1274,286,1039,540,554,853,508,713,399,477,567,1369,811,259,743,437,457
v8,434,669,1292,720,632,672,831,0,949,422,235,437,914,569,1054,664,652,156,875,783,486,182,229,405,675,522,309,465,851,665,125,384,1096,816,595,451,191,772,168,618,707,890,463,641,279,120,547,57,541,673,551,425,657,743,333,641,419,588,535,328,92,1228,690,592,846,172,790,615,854,182,609,358,358,456,424,1295,1132,858,271,921,708,751,323,333,622,815,763,795,358,714,783,158,473,585,660,379,551,364,885,568,702,543,554,185,364,197,709,910,533,611,495,510,998,391,472,326,415,866,351,293,514,944,767,682,549,266,806,305,743,745,466,441,323,105,909,368,402,399,305,413,609,927,753,443,877,284,881,345,1156,925,436,764,610,904,538,308,974,410,856,870
v9,1165,892,343,769,333,277,1054,949,0,1371,1184,570,69,1042,445,887,547,793,1098,1006,673,767,1178,680,898,745,640,484,1074,888,824,645,455,735,558,770,976,193,791,841,930,1113,486,308,670,829,770,892,962,470,964,768,880,654,798,858,1030,493,758,715,1041,317,517,357,1069,937,163,838,1077,1131,534,1307,1229,493,1373,346,583,371,718,864,931,974,1272,1282,845,134,986,1018,591,457,166,999,696,364,883,570,398,1313,656,791,925,406,595,764,591,752,932,325,430,338,648,439,247,558,477,731,568,455,598,656,749,1167,502,553,400,683,969,1190,206,968,631,508,626,868,770,581,547,786,902,536,816,1150,976,880,768,1223,514,604,207,1148,897,987,833,487,641,995,795,927,1079,1093
v10,266,693,1714,1142,1054,1094,1187,422,1371,0,253,801,1336,401,1476,1014,1074,578,747,843,698,604,193,691,1001,780,731,887,683,1051,547,726,1518,1238,813,619,395,1194,580,754,1037,1108,885,1063,701,542,759,479,409,1095,407,603,1055,1165,573,1063,341,878,757,656,330,1650,1112,1014,796,434,1212,623,954,240,1031,64,190,878,38,1717,1554,1280,653,1343,990,1117,107,137,900,1237,595,785,780,1136,1205,372,697,1007,934,801,973,132,1307,936,940,965,776,607,780,619,679,1332,955,1033,723,932,1420,813,894,640,837,1288,773,715,682,776,1189,1104,971,688,1228,181,1165,823,888,863,745,503,1331,790,824,585,469,835,1031,759,1133,611,1299,148,1303,767,1578,757,474,788,710,1326,730,376,1396,444,750,730
v11,519,754,1527,955,867,907,1000,235,1184,253,0,614,1149,654,1289,827,887,391,960,868,511,417,204,504,814,607,544,700,936,864,360,539,1331,1051,626,414,276,1007,393,703,850,975,698,876,514,355,632,292,626,908,636,510,868,978,418,876,504,691,620,469,143,1463,925,827,931,247,1025,700,939,157,844,313,443,691,291,1530,1367,1093,466,1156,803,930,146,116,713,1050,848,880,593,949,1018,185,558,820,747,614,786,129,1120,749,787,778,589,420,593,432,794,1145,768,846,536,745,1233,626,707,453,650,1101,586,528,435,1029,1002,917,784,501,1041,390,978,830,701,676,558,316,1144,603,637,398,390,648,844,1012,946,358,1112,369,1116,580,1391,1010,521,849,695,1139,543,393,1209,495,941,955
v12,871,1106,913,983,547,293,1268,437,570,801,614,0,535,1006,675,1101,761,445,1312,1220,103,599,608,110,1112,959,556,388,1288,1102,510,75,717,949,158,200,628,407,269,1055,1144,1327,694,408,464,407,984,420,978,684,988,862,1094,868,770,1072,856,151,972,765,471,849,731,213,1283,367,411,1052,1291,561,748,737,795,685,803,916,797,585,708,1078,1145,1188,702,712,1059,436,1200,1232,465,671,404,429,910,206,1097,608,398,743,870,1005,1139,374,117,266,801,342,1146,539,644,528,78,425,619,282,477,763,782,669,640,464,179,1381,716,767,552,661,1183,742,364,1182,845,62,288,332,984,421,223,216,742,742,1030,1364,1190,310,982,721,728,714,777,1362,873,1201,1047,701,101,745,1009,847,1293,1307
v13,1130,961,408,838,402,242,1123,914,69,1336,1149,535,0,1007,514,956,616,758,1167,1075,638,732,1143,645,967,814,605,449,1143,957,789,610,524,804,523,735,941,262,756,910,999,1182,549,273,635,794,839,857,927,539,929,733,949,723,763,927,995,458,827,680,1006,386,586,322,1138,902,232,907,1146,1096,603,1272,1194,540,1338,395,652,440,683,933,1000,1043,1237,1247,914,99,1055,1087,556,526,147,964,765,329,952,535,363,1278,725,860,994,371,560,729,656,717,1001,394,499,383,613,404,316,523,442,696,637,524,563,621,714,1236,571,622,407,648,1038,1155,171,1037,700,473,591,833,839,546,512,751,867,597,885,1219,1045,845,837,1188,583,569,270,1217,862,1056,902,556,606,960,864,892,1148,1162
v14,135,364,1385,813,725,765,858,569,1042,401,654,1006,1007,0,1147,685,745,561,418,514,1055,407,450,974,672,451,450,618,282,722,496,953,1189,909,1164,1020,378,865,737,425,708,779,556,734,542,599,430,586,80,766,78,274,726,836,244,734,150,1157,428,327,545,1321,783,995,467,741,883,294,625,497,702,341,211,549,363,1388,1225,951,324,1014,661,788,508,538,571,908,264,456,541,807,876,727,368,882,605,472,644,533,978,607,611,636,1123,740,451,664,350,1003,626,704,1064,603,1091,724,565,311,508,959,444,542,1083,375,860,775,642,359,899,264,836,494,559,944,718,674,1002,585,783,968,264,506,702,358,804,1012,970,285,974,438,1249,356,145,459,381,997,1107,261,1067,159,421,401
v15,1270,783,238,334,422,412,609,1054,445,1476,1289,675,514,1147,0,462,402,898,729,633,778,872,1283,785,475,696,745,589,929,443,929,750,42,290,817,875,1081,282,896,722,485,668,591,413,775,934,717,997,1067,381,1069,873,435,311,903,413,1135,810,719,820,1146,174,364,648,680,1042,282,853,632,1236,445,1412,1334,598,1478,241,138,196,823,419,486,529,1377,1387,576,483,883,691,696,340,367,1104,779,535,542,675,503,1418,211,540,536,511,776,869,696,857,797,144,521,443,753,544,198,663,582,836,639,188,703,761,854,872,287,372,505,788,524,1295,479,653,588,613,731,973,325,686,652,891,1007,641,445,841,531,985,323,1328,173,709,244,797,1002,688,766,150,760,1100,350,1032,726,746
v16,808,321,700,128,554,854,173,664,887,1014,827,1101,956,685,462,0,340,656,267,171,1150,502,821,1069,13,234,545,713,467,37,591,1048,504,224,1259,1115,619,694,832,260,43,226,407,693,637,694,255,681,605,417,607,411,41,233,441,49,673,1252,257,358,684,636,370,1090,218,836,724,391,190,774,353,950,872,416,1016,703,540,516,393,329,44,103,915,925,114,925,421,229,636,430,809,822,317,977,80,493,703,956,293,96,74,727,1218,835,300,759,335,562,457,573,1159,676,640,819,624,374,319,432,461,637,1178,410,385,334,549,440,214,833,921,191,256,1039,813,769,317,680,878,1063,545,359,71,379,119,1107,285,866,373,387,686,335,540,226,304,400,1202,638,382,570,264,284
v17,868,381,640,222,214,514,507,652,547,1074,887,761,616,745,402,340,0,496,551,459,810,470,881,729,351,294,343,373,527,341,527,708,444,188,919,775,679,354,494,320,383,566,189,353,373,532,315,595,665,77,667,471,333,107,501,311,733,912,317,418,744,576,38,750,522,640,384,451,530,834,43,1010,932,196,1076,643,480,206,421,317,384,427,975,985,298,585,481,471,296,90,469,702,377,637,336,273,363,1016,233,244,378,387,878,495,294,455,395,258,119,233,819,336,346,479,284,434,237,214,301,359,838,620,115,30,209,386,422,893,581,421,186,699,473,571,257,340,538,723,605,239,269,603,429,767,225,926,229,307,504,601,600,440,364,252,862,698,322,630,532,546
v18,426,661,1136,564,476,516,823,156,793,578,391,445,758,561,898,656,496,0,867,775,494,154,385,413,667,514,153,309,843,657,65,392,940,660,603,459,183,616,176,610,699,882,307,485,123,38,539,99,533,517,543,417,649,587,325,627,411,596,527,320,248,1072,534,436,838,180,634,607,846,338,453,514,436,300,580,1139,976,702,263,765,700,743,479,489,614,659,755,787,202,558,627,206,465,429,652,223,395,520,729,560,694,387,562,179,356,103,701,754,377,455,503,354,842,235,316,318,337,710,195,137,522,936,611,526,393,216,738,397,587,737,400,383,167,113,753,212,246,407,297,297,585,919,745,451,721,430,725,269,1000,917,428,756,602,748,546,300,818,402,848,862
v19,541,206,967,395,765,1065,440,875,1098,747,960,1312,1167,418,729,267,551,867,0,96,1361,713,756,1280,254,353,756,924,200,304,802,1259,771,491,1470,1326,684,905,1043,257,290,361,618,904,848,905,328,892,338,628,340,450,308,444,542,316,456,1463,340,547,851,903,581,1301,49,1047,935,260,207,803,564,683,605,627,749,970,807,727,604,596,243,370,814,844,253,1136,154,80,847,641,1020,1033,402,1188,215,704,914,839,560,307,193,938,1429,1046,511,970,166,773,668,784,1370,887,851,1030,835,549,530,643,672,848,1389,143,596,545,760,651,481,570,1132,130,467,1250,1024,980,584,891,1089,1274,570,570,284,112,386,1318,552,599,584,598,897,68,439,111,265,611,1413,567,649,465,19,17
v20,637,150,871,299,673,973,344,783,1006,843,868,1220,1075,514,633,171,459,775,96,0,1269,621,664,1188,158,261,664,832,296,208,710,1167,675,395,1378,1234,592,813,951,165,194,265,526,812,756,813,236,800,434,536,436,358,212,352,450,220,502,1371,248,455,759,807,489,1209,63,955,843,220,111,711,472,779,701,535,845,874,711,635,512,500,147,274,744,754,161,1044,250,58,755,549,928,941,310,1096,123,612,822,785,464,215,97,846,1337,954,419,878,164,681,576,692,1278,795,759,938,743,457,438,551,580,756,1297,239,504,453,668,559,385,662,1040,38,375,1158,932,888,488,799,997,1182,478,478,190,208,290,1226,456,695,492,506,805,164,369,55,173,519,1321,475,553,399,93,113
v21,920,1155,1016,1032,596,396,1317,486,673,698,511,103,638,1055,778,1150,810,494,1361,1269,0,648,605,81,1161,1008,605,437,1337,1151,559,102,820,998,115,97,677,496,318,1104,1193,1376,743,457,513,456,1033,469,1027,733,1037,911,1143,917,819,1121,905,180,1021,814,510,952,780,316,1332,314,514,1101,1340,558,797,714,844,734,700,1019,856,634,757,1127,1194,1237,599,609,1108,539,1249,1281,514,720,507,328,959,309,1146,657,447,640,919,1054,1188,423,78,315,850,391,1195,634,693,577,25,474,722,331,526,812,831,718,689,513,76,1430,765,816,601,710,1232,791,467,1231,894,165,337,381,1033,470,272,113,791,791,1079,1413,1239,207,1031,770,777,763,880,1411,922,1250,1096,750,52,794,1058,896,1342,1356
v22,398,507,1110,538,450,490,669,182,767,604,417,599,732,407,872,502,470,154,713,621,648,0,411,567,513,360,127,283,689,503,89,546,914,634,757,613,209,590,330,456,545,728,281,459,135,192,385,179,379,491,389,263,495,561,171,473,263,750,373,166,274,1046,508,588,684,334,608,453,692,364,427,540,462,274,606,1113,950,676,109,739,546,589,505,515,460,633,601,633,176,532,601,320,311,475,498,197,369,546,703,406,540,361,716,333,202,257,547,728,351,429,657,328,816,317,290,164,233,684,169,135,676,782,585,500,367,84,624,423,561,583,284,537,311,267,727,186,376,561,143,231,431,765,591,605,695,456,699,163,974,763,274,602,448,722,700,228,792,248,694,708
v23,315,550,1521,949,861,901,994,229,1178,193,204,608,1143,450,1283,821,881,385,756,664,605,411,0,524,808,587,538,694,732,858,354,533,1325,1045,714,570,202,1001,387,561,844,915,692,870,508,349,566,286,422,902,432,410,862,972,380,870,300,707,564,463,137,1457,919,821,727,291,1019,496,761,47,838,129,239,685,195,1524,1361,1087,460,1150,797,924,94,104,707,1044,644,676,587,943,1012,277,504,814,741,608,780,135,1114,743,747,772,673,414,587,426,590,1139,762,840,614,739,1227,620,701,447,644,1095,580,522,633,825,996,911,778,495,1035,186,972,630,695,670,552,310,1138,597,631,518,276,642,838,808,940,562,1106,165,1110,574,1385,806,317,645,517,1133,657,189,1203,291,737,751
v24,839,1074,1023,951,515,403,1236,405,680,691,504,110,645,974,785,1069,729,413,1280,1188,81,567,524,0,1080,927,524,356,1256,1070,478,35,827,917,190,90,596,503,237,1023,1112,1295,662,376,432,375,952,388,946,652,956,830,1062,836,738,1040,824,187,940,733,429,959,699,323,1251,257,521,1020,1259,477,716,633,763,653,693,1026,863,589,676,1046,1113,1156,592,602,1027,546,1168,1200,433,639,514,319,878,316,1065,576,366,633,838,973,1107,342,149,234,769,310,1114,641,612,496,90,393,729,250,445,731,750,637,608,432,109,1349,684,735,520,629,1151,710,474,1150,813,172,256,300,952,389,191,106,710,710,998,1332,1158,200,950,689,696,682,887,1330,841,1169,1015,669,133,713,977,815,1261,1275
v25,795,308,713,141,565,865,186,675,898,1001,814,1112,967,672,475,13,351,667,254,158,1161,513,808,1080,0,221,556,724,454,50,602,1059,517,237,1270,1126,606,705,843,247,36,215,418,704,648,705,242,692,592,428,594,398,54,244,428,62,660,1263,244,347,671,649,381,1101,205,847,735,378,179,761,364,937,859,427,1003,716,553,527,404,342,33,116,902,912,101,936,408,216,647,441,820,833,304,988,67,504,714,943,306,107,61,738,1229,846,311,770,322,573,468,584,1170,687,651,830,635,361,330,443,472,648,1189,397,396,345,560,451,227,820,932,178,267,1050,824,780,330,691,889,1074,532,370,82,366,132,1118,298,853,384,398,697,322,527,213,291,411,1213,625,395,557,251,271
v26,574,147,934,362,412,712,407,522,745,780,607,959,814,451,696,234,294,514,353,261,1008,360,587,927,221,0,403,571,329,271,449,906,738,458,1117,973,385,552,690,96,257,368,265,551,495,552,25,539,371,315,373,177,275,385,207,283,439,1110,23,194,498,870,332,948,324,694,582,157,332,540,251,716,638,274,782,937,774,500,251,563,210,337,681,691,120,783,241,273,494,356,667,680,83,835,154,351,561,722,527,156,180,585,1076,693,158,617,187,552,315,431,1017,534,640,677,482,196,177,508,319,495,1036,422,409,324,407,298,448,599,779,223,114,897,671,627,551,538,736,921,311,217,251,405,353,965,519,632,523,245,798,403,306,242,88,546,1060,404,616,336,334,348
v27,525,550,983,427,323,363,712,309,640,731,544,556,605,450,745,545,343,153,756,664,605,127,538,524,556,403,0,168,732,546,184,503,787,507,714,570,336,463,287,499,588,771,154,332,92,189,428,252,422,364,432,306,538,434,214,516,390,707,416,209,401,919,381,545,727,297,481,496,735,491,300,667,589,147,733,986,823,549,152,612,589,632,632,642,503,506,644,676,91,405,474,359,354,432,541,70,242,673,576,449,583,234,673,290,245,214,590,601,224,302,614,201,689,274,163,207,226,557,84,92,633,825,458,373,240,105,627,550,434,626,289,494,268,228,600,135,333,518,262,186,474,808,634,562,568,583,572,158,847,806,317,645,491,595,657,355,665,291,737,751
v28,681,718,827,595,167,207,880,465,484,887,700,388,449,618,589,713,373,309,924,832,437,283,694,356,724,571,168,0,900,714,340,335,631,561,546,402,492,307,307,667,756,939,306,176,186,345,596,408,590,296,600,474,706,480,382,684,546,539,584,377,557,763,343,377,895,453,325,664,903,647,360,823,745,297,889,830,667,393,320,690,757,800,788,798,671,350,812,844,107,283,318,515,522,264,709,220,86,829,482,617,751,78,505,280,413,268,758,445,256,146,446,45,533,106,89,375,394,401,252,172,465,993,328,379,164,273,795,706,278,794,457,326,142,384,596,97,165,350,418,354,642,976,802,396,594,739,416,326,691,974,485,813,659,439,489,511,621,459,905,919
v29,417,182,1167,595,741,1041,640,851,1074,683,936,1288,1143,282,929,467,527,843,200,296,1337,689,732,1256,454,329,732,900,0,504,778,1235,971,691,1446,1302,660,881,1019,233,490,561,594,880,824,881,304,868,310,604,300,426,508,618,518,516,432,1439,316,523,827,1103,565,1277,249,1023,911,236,407,779,540,623,493,603,645,1170,1007,733,580,796,443,570,790,820,353,1112,88,238,823,617,996,1009,378,1164,387,680,890,815,760,389,393,914,1405,1022,487,946,142,785,644,760,1346,863,873,1006,811,525,506,741,648,824,1365,93,642,557,736,627,681,546,1108,276,443,1226,1000,956,784,867,1065,1250,546,546,484,88,586,1294,752,567,756,574,1031,132,415,241,241,779,1389,543,849,441,203,183
v30,845,358,663,119,555,855,166,665,888,1051,864,1102,957,722,443,37,341,657,304,208,1151,503,858,1070,50,271,546,714,504,0,592,1049,467,187,1260,1116,656,695,833,297,42,225,408,694,638,695,292,682,642,418,644,448,8,234,478,30,710,1253,294,395,721,599,371,1091,255,837,725,428,189,811,354,987,909,417,1053,666,503,517,398,292,61,86,952,962,151,926,458,266,637,431,810,823,354,978,117,494,704,993,256,115,111,728,1219,836,301,760,372,563,458,574,1160,677,641,820,625,411,320,433,462,638,1179,447,386,335,550,441,177,870,922,228,257,1040,814,770,280,681,879,1064,582,360,72,416,88,1108,248,903,374,388,687,372,577,263,341,401,1203,675,345,607,301,321
v31,361,596,1167,595,507,547,758,125,824,547,360,510,789,496,929,591,527,65,802,710,559,89,354,478,602,449,184,340,778,592,0,457,971,691,668,524,152,647,241,545,634,817,338,516,154,103,474,90,468,548,478,352,584,618,260,562,346,661,462,255,217,1103,565,499,773,245,665,542,781,307,484,483,405,331,549,1170,1007,733,198,796,635,678,448,458,549,690,690,722,233,589,658,231,400,460,587,254,426,489,760,495,629,418,627,244,291,168,636,785,408,486,568,385,873,266,347,253,290,741,226,168,587,871,642,557,424,151,681,366,618,672,341,448,222,178,784,243,287,472,232,288,520,854,680,516,752,399,756,220,1031,852,363,691,537,779,611,235,849,337,783,797
v32,818,1053,988,930,494,368,1215,384,645,726,539,75,610,953,750,1048,708,392,1259,1167,102,546,533,35,1059,906,503,335,1235,1049,457,0,792,896,211,125,575,468,216,1002,1091,1274,641,355,411,354,931,367,925,631,935,809,1041,815,717,1019,803,204,919,712,408,924,678,288,1230,292,486,999,1238,486,695,662,742,632,728,991,828,554,655,1025,1092,1135,627,637,1006,511,1147,1179,412,618,479,354,857,281,1044,555,345,668,817,952,1086,321,170,213,748,289,1093,606,591,475,111,372,694,229,424,710,729,616,587,411,130,1328,663,714,499,608,1130,689,439,1129,792,137,235,279,931,368,170,141,689,689,977,1311,1137,235,929,668,675,661,852,1309,820,1148,994,648,154,692,956,794,1240,1254
v33,1312,825,196,376,464,424,599,1096,455,1518,1331,717,524,1189,42,504,444,940,771,675,820,914,1325,827,517,738,787,631,971,467,971,792,0,280,827,917,1123,324,938,764,481,658,633,455,817,976,759,1039,1109,423,1111,915,463,353,945,455,1177,820,761,862,1188,138,406,658,722,1084,306,895,622,1278,487,1454,1376,640,1520,199,128,238,865,409,528,519,1419,1429,618,493,925,733,738,382,377,1146,821,545,584,717,545,1460,211,582,578,553,786,911,738,899,839,186,563,485,795,586,208,705,624,878,681,230,745,803,896,914,329,414,547,830,514,1337,489,695,630,655,773,1015,315,728,694,933,1049,683,487,883,521,1027,313,1370,215,751,254,839,1044,730,808,192,788,1142,340,1074,768,788
v34,1032,545,476,96,402,702,319,816,735,1238,1051,949,804,909,290,224,188,660,491,395,998,634,1045,917,237,458,507,561,691,187,691,896,280,0,1107,963,843,542,680,484,201,378,353,541,537,696,479,759,829,265,831,635,183,81,665,175,897,1100,481,582,908,418,218,938,442,804,572,615,342,998,207,1174,1096,360,1240,479,316,364,585,129,248,239,1139,1149,338,773,645,453,484,278,657,866,541,825,304,437,551,1180,79,302,298,575,1066,683,458,619,559,410,305,421,1007,524,488,667,472,598,401,280,465,523,1026,634,233,182,397,550,234,1057,769,415,350,887,661,735,93,528,726,911,769,403,207,603,241,955,61,1090,221,471,534,559,764,450,528,248,1050,862,158,794,488,508
v35,1029,1264,901,1141,705,405,1426,595,558,813,626,158,523,1164,817,1259,919,603,1470,1378,115,757,714,190,1270,1117,714,546,1446,1260,668,211,827,1107,0,212,786,565,427,1213,1302,1485,852,566,622,565,1142,578,1136,842,1146,1020,1252,1026,928,1230,1014,65,1130,923,619,837,889,201,1441,423,535,1210,1449,667,906,823,953,843,815,904,955,743,866,1236,1303,1346,714,724,1217,424,1358,1390,623,829,450,441,1068,282,1255,766,556,755,1028,1163,1297,532,41,424,959,500,1304,697,802,686,100,583,619,440,635,921,940,827,798,622,191,1539,874,925,710,819,1341,900,352,1340,1003,220,446,490,1142,579,381,228,900,900,1188,1522,1348,322,1140,879,886,872,765,1520,1031,1359,1205,859,83,903,1167,1005,1451,1465
v36,885,1120,1113,997,561,493,1282,451,770,619,414,200,735,1020,875,1115,775,459,1326,1234,97,613,570,90,1126,973,570,402,1302,1116,524,125,917,963,212,0,642,593,283,1069,1158,1341,708,462,478,421,998,434,992,698,1002,876,1108,882,784,1086,870,277,986,779,475,1049,745,413,1297,279,611,1066,1305,523,762,679,809,699,657,1116,953,679,722,1092,1159,1202,512,512,1073,636,1214,1246,479,685,604,293,924,406,1111,622,412,543,884,1019,1153,388,175,280,815,356,1160,731,658,542,122,439,819,296,491,777,796,687,654,478,63,1395,730,781,566,675,1197,756,564,1196,859,262,302,346,998,435,237,52,756,756,1044,1378,1204,110,996,735,742,728,977,1376,887,1215,1061,725,129,759,1023,861,1307,1321
v37,243,478,1319,747,659,699,792,191,976,395,276,628,941,378,1081,619,679,183,684,592,677,209,202,596,606,385,336,492,660,656,152,575,1123,843,786,642,0,799,359,427,642,713,490,668,306,221,364,208,350,700,360,234,660,770,178,668,228,779,362,261,167,1255,717,619,655,363,817,424,663,155,636,331,253,483,397,1322,1159,885,258,948,595,722,296,306,505,842,572,604,385,741,810,349,302,612,539,406,578,337,912,541,545,570,745,362,385,286,518,937,560,638,686,537,1025,418,499,245,442,893,378,320,705,753,794,709,576,293,833,214,770,554,493,566,350,296,936,395,429,590,114,440,636,736,738,634,904,247,908,372,1183,734,245,573,419,931,729,117,1001,219,665,679
v38,988,699,520,576,140,160,861,772,193,1194,1007,407,262,865,282,694,354,616,905,813,496,590,1001,503,705,552,463,307,881,695,647,468,324,542,565,593,799,0,614,648,737,920,309,131,493,652,577,715,785,277,787,591,687,461,621,665,853,558,565,538,864,456,324,396,876,760,30,645,884,954,341,1130,1052,316,1196,523,390,178,541,671,738,781,1095,1105,652,231,793,825,414,264,115,822,503,283,690,393,221,1136,463,598,732,229,524,587,414,575,739,138,239,161,471,262,226,381,300,554,375,262,421,479,572,974,309,360,223,506,776,1013,227,775,438,345,449,691,577,404,370,609,725,359,623,957,783,703,575,1046,321,427,384,955,720,794,640,294,508,818,602,750,886,900
v39,602,837,1134,714,474,514,999,168,791,580,393,269,756,737,896,832,494,176,1043,951,318,330,387,237,843,690,287,307,1019,833,241,216,938,680,427,283,359,614,0,786,875,1058,425,483,195,138,715,151,709,515,719,593,825,599,501,803,587,420,703,496,250,1070,532,434,1014,146,632,783,1022,340,479,516,526,416,582,1137,974,700,439,809,876,919,481,491,790,657,931,963,200,556,625,208,641,427,828,339,393,522,727,736,870,385,386,27,532,73,877,752,375,453,327,352,840,233,314,494,513,708,371,195,346,1112,609,524,391,392,914,473,585,913,576,283,165,77,751,210,244,231,473,473,761,1095,921,275,719,452,723,445,998,1093,604,932,778,746,370,476,816,578,1024,1038
v40,548,61,960,388,508,808,433,618,841,754,703,1055,910,425,722,260,320,610,257,165,1104,456,561,1023,247,96,499,667,233,297,545,1002,764,484,1213,1069,427,648,786,0,283,354,361,647,591,648,71,635,345,371,347,193,301,411,285,309,413,1206,83,290,594,896,358,1044,228,790,678,131,236,546,307,690,612,370,756,963,800,526,347,589,236,363,655,665,146,879,161,177,590,384,763,776,145,931,180,447,657,696,553,182,186,681,1172,789,254,713,91,578,411,527,1113,630,666,773,578,292,273,534,415,591,1132,326,435,350,503,394,474,573,875,127,210,993,767,723,577,634,832,1017,313,313,277,309,379,1061,545,606,549,341,824,307,280,146,44,572,1156,378,642,310,238,252
v41,831,344,677,161,597,897,150,707,930,1037,850,1144,999,708,485,43,383,699,290,194,1193,545,844,1112,36,257,588,756,490,42,634,1091,481,201,1302,1158,642,737,875,283,0,183,450,736,680,737,278,724,628,460,630,434,50,276,464,72,696,1295,280,381,707,613,413,1133,241,879,767,414,147,797,396,973,895,459,1039,680,517,559,436,306,47,80,938,948,137,968,444,252,679,473,852,865,340,1020,103,536,746,979,274,139,97,770,1261,878,343,802,358,605,500,616,1202,719,683,862,667,397,362,475,504,680,1221,433,428,377,592,483,191,856,964,214,299,1082,856,812,294,723,921,1106,568,402,114,402,96,1150,262,889,416,430,729,358,563,249,327,443,1245,661,359,593,287,307
v42,902,415,774,344,780,1080,79,890,1113,1108,975,1327,1182,779,668,226,566,882,361,265,1376,728,915,1295,215,368,771,939,561,225,817,1274,658,378,1485,1341,713,920,1058,354,183,0,633,919,863,920,349,907,699,643,701,505,233,459,557,255,767,1478,355,562,866,796,596,1316,312,1062,950,485,154,868,579,1044,966,642,1110,787,530,742,619,249,182,139,1009,1019,268,1151,515,323,862,656,1035,1048,417,1203,230,719,929,1050,457,322,188,953,1444,1061,526,985,429,788,683,799,1385,902,866,1045,850,564,545,658,687,863,1404,504,611,560,775,666,144,927,1147,285,482,1265,1039,995,343,906,1104,1289,639,585,297,473,137,1333,345,960,599,613,912,429,634,320,398,626,1428,732,318,664,358,378
v43,679,412,829,289,169,447,574,463,486,885,698,694,549,556,591,407,189,307,618,526,743,281,692,662,418,265,154,306,594,408,338,641,633,353,852,708,490,309,425,361,450,633,0,286,230,343,290,406,476,210,478,282,400,280,312,378,544,845,278,229,555,765,227,683,589,451,327,358,597,645,146,821,743,9,887,832,669,395,232,458,451,494,786,796,365,518,506,538,229,251,402,513,216,570,403,86,296,827,422,311,445,320,811,428,107,352,452,447,70,166,752,269,535,412,217,245,88,403,112,230,771,687,304,219,142,197,489,704,514,488,151,632,406,382,446,273,471,656,416,50,336,670,496,700,414,737,418,118,693,668,411,507,353,441,795,509,511,441,599,613
v44,857,698,651,575,139,161,860,641,308,1063,876,408,273,734,413,693,353,485,904,812,457,459,870,376,704,551,332,176,880,694,516,355,455,541,566,462,668,131,483,647,736,919,286,0,362,521,576,584,654,276,656,460,686,460,490,664,722,559,564,407,733,587,323,397,875,629,149,644,883,823,340,999,921,277,1065,654,491,217,410,670,737,780,964,974,651,232,792,824,283,263,142,691,502,284,689,262,90,1005,462,597,731,98,525,456,393,444,738,269,236,120,466,131,357,250,169,423,374,261,290,348,485,973,308,359,144,375,775,882,228,774,437,346,318,560,576,273,239,478,594,334,622,956,782,572,574,915,320,306,515,954,589,793,639,293,509,687,601,619,885,899
v45,495,642,1013,519,353,393,804,279,670,701,514,464,635,542,775,637,373,123,848,756,513,135,508,432,648,495,92,186,824,638,154,411,817,537,622,478,306,493,195,591,680,863,230,362,0,159,520,222,514,394,524,398,630,464,306,608,392,615,508,301,371,949,411,453,819,267,511,588,827,461,330,637,559,221,703,1016,853,579,244,642,681,724,602,612,595,536,736,768,79,435,504,329,446,340,633,144,272,643,606,541,675,264,581,198,337,122,682,631,254,332,522,231,719,182,193,299,318,587,176,14,541,917,488,403,270,197,719,520,464,718,381,402,176,198,630,89,241,426,278,278,566,900,726,470,598,553,602,250,877,898,409,737,583,625,565,325,695,383,829,843
v46,464,699,1172,600,512,552,861,120,829,542,355,407,794,599,934,694,532,38,905,813,456,192,349,375,705,552,189,345,881,695,103,354,976,696,565,421,221,652,138,648,737,920,343,521,159,0,577,63,571,553,581,455,687,623,363,665,449,558,565,358,212,1108,570,472,876,142,670,645,884,302,489,478,400,336,544,1175,1012,738,301,801,738,781,443,453,652,695,793,825,238,594,663,170,503,465,690,259,431,484,765,598,732,423,524,141,394,77,739,790,413,491,465,390,878,271,352,356,375,746,233,173,484,974,647,562,429,254,776,361,623,775,438,345,203,75,789,248,282,369,335,335,623,957,783,413,757,394,761,307,1036,955,466,794,640,784,508,338,854,440,886,900
v47,553,122,955,383,437,737,428,547,770,759,632,984,839,430,717,255,315,539,328,236,1033,385,566,952,242,25,428,596,304,292,474,931,759,479,1142,998,364,577,715,71,278,349,290,576,520,577,0,564,350,336,352,156,296,406,214,304,418,1135,12,219,523,891,353,973,299,719,607,136,307,519,272,695,617,299,761,958,795,521,276,584,231,358,660,670,141,808,216,248,519,377,692,705,74,860,175,376,586,701,548,177,181,610,1101,718,183,642,162,573,340,456,1042,559,661,702,507,221,202,529,344,520,1061,397,430,345,432,323,469,578,804,198,139,922,696,652,572,563,761,946,290,242,272,380,374,990,540,611,544,270,819,378,285,217,63,567,1085,383,637,315,309,323
v48,451,686,1235,663,575,615,848,57,892,479,292,420,857,586,997,681,595,99,892,800,469,179,286,388,692,539,252,408,868,682,90,367,1039,759,578,434,208,715,151,635,724,907,406,584,222,63,564,0,558,616,568,442,674,686,350,652,436,571,552,345,149,1171,633,535,863,155,733,632,871,239,552,415,375,399,481,1238,1075,801,288,864,725,768,380,390,639,758,780,812,301,657,726,141,490,528,677,322,494,421,828,585,719,486,537,154,381,140,726,853,476,554,478,453,941,334,415,343,362,809,294,236,497,961,710,625,492,241,763,322,686,762,425,384,266,88,852,311,345,382,322,356,610,944,770,426,820,331,824,294,1099,942,453,781,627,847,521,325,917,427,873,887
v49,203,284,1305,733,645,731,778,541,962,409,626,978,927,80,1067,605,665,533,338,434,1027,379,422,946,592,371,422,590,310,642,468,925,1109,829,1136,992,350,785,709,345,628,699,476,654,514,571,350,558,0,686,10,194,646,756,208,654,122,1129,348,247,517,1241,703,967,387,713,803,214,545,469,622,345,267,469,411,1308,1145,871,270,934,581,708,480,510,491,828,222,376,513,727,796,699,288,854,525,392,580,505,898,527,531,604,1095,712,371,636,270,923,546,624,1036,553,1011,696,501,231,428,879,364,514,1055,403,780,695,562,317,819,236,798,414,479,916,690,646,922,557,755,940,236,426,622,386,724,984,890,261,894,358,1169,384,105,379,301,917,1079,233,987,131,341,329
v50,889,422,619,299,137,437,584,673,470,1095,908,684,539,766,381,417,77,517,628,536,733,491,902,652,428,315,364,296,604,418,548,631,423,265,842,698,700,277,515,371,460,643,210,276,394,553,336,616,686,0,688,492,410,184,522,388,754,835,338,439,765,555,47,673,599,661,307,472,607,855,64,1031,953,217,1097,622,459,185,442,394,461,504,996,1006,375,508,516,548,315,41,392,723,398,560,413,294,286,1037,212,321,455,310,801,488,315,476,462,237,140,156,742,259,325,402,207,455,258,193,322,380,761,697,94,83,132,407,499,914,504,498,207,622,396,592,300,305,461,646,626,260,346,680,506,690,298,947,208,328,483,678,621,517,385,231,785,719,325,651,609,623
v51,201,286,1307,735,647,741,780,551,964,407,636,988,929,78,1069,607,667,543,340,436,1037,389,432,956,594,373,432,600,300,644,478,935,1111,831,1146,1002,360,787,719,347,630,701,478,656,524,581,352,568,10,688,0,196,648,758,218,656,132,1139,350,249,527,1243,705,977,389,723,805,216,547,479,624,343,265,471,409,1310,1147,873,280,936,583,710,490,520,493,830,212,378,523,729,798,709,290,864,527,394,590,515,900,529,533,614,1105,722,373,646,272,925,548,626,1046,563,1013,706,511,233,430,881,366,524,1065,393,782,697,564,327,821,246,808,416,481,926,700,656,924,567,765,950,246,428,624,376,726,994,892,267,896,360,1171,374,115,381,303,919,1089,243,989,141,343,323
v52,397,244,1111,539,451,615,584,425,768,603,510,862,733,274,873,411,471,417,450,358,911,263,410,830,398,177,306,474,426,448,352,809,915,635,1020,876,234,591,593,193,434,505,282,460,398,455,156,442,194,492,196,0,452,562,92,460,262,1013,154,97,401,1047,509,851,421,597,609,190,429,363,428,539,461,275,605,1114,951,677,154,740,387,514,504,514,297,686,338,370,397,533,602,583,94,738,331,254,464,545,704,333,337,488,979,596,177,520,284,729,352,430,920,437,817,580,385,99,234,685,222,398,939,519,586,501,368,201,625,422,682,320,285,800,574,530,728,441,639,824,134,232,428,502,530,868,696,455,700,164,975,500,129,339,185,723,963,227,793,159,431,445
v53,849,362,659,111,547,847,174,657,880,1055,868,1094,949,726,435,41,333,649,308,212,1143,495,862,1062,54,275,538,706,508,8,584,1041,463,183,1252,1108,660,687,825,301,50,233,400,686,630,687,296,674,646,410,648,452,0,226,482,22,714,1245,298,399,725,595,363,1083,259,829,717,432,197,815,346,991,913,409,1057,662,499,509,402,288,65,94,956,966,155,918,462,270,629,423,802,815,358,970,121,486,696,997,252,119,115,720,1211,828,293,752,376,555,450,566,1152,669,633,812,617,415,312,425,454,630,1171,451,378,327,542,433,173,874,914,232,249,1032,806,762,276,673,871,1056,586,352,64,420,96,1100,244,907,366,380,679,376,581,267,345,393,1195,679,341,611,305,325
v54,959,472,549,115,321,621,400,743,654,1165,978,868,723,836,311,233,107,587,444,352,917,561,972,836,244,385,434,480,618,234,618,815,353,81,1026,882,770,461,599,411,276,459,280,460,464,623,406,686,756,184,758,562,226,0,592,204,824,1019,408,509,835,485,137,857,415,731,491,542,423,925,134,1101,1023,287,1167,552,389,283,512,210,277,320,1066,1076,265,692,572,380,403,197,576,793,468,744,231,364,470,1107,142,229,271,494,985,602,385,546,486,329,224,340,926,443,407,586,391,525,328,199,392,450,945,561,152,101,316,477,315,984,688,342,277,806,580,662,166,447,645,830,696,330,162,530,322,874,134,1017,140,398,453,494,691,377,455,167,969,789,231,721,425,439
v55,367,336,1141,569,481,523,614,333,798,573,418,770,763,244,903,441,501,325,542,450,819,171,380,738,428,207,214,382,518,478,260,717,945,665,928,784,178,621,501,285,464,557,312,490,306,363,214,350,208,522,218,92,482,592,0,490,232,921,202,83,309,1077,539,759,513,505,639,282,521,333,458,509,431,305,575,1144,981,707,80,770,417,544,474,484,327,664,430,462,305,563,632,491,140,646,361,228,400,515,734,363,369,396,887,504,207,428,376,759,382,460,828,359,847,488,321,67,264,715,200,306,847,611,616,531,398,115,655,392,592,412,315,708,482,438,758,349,547,732,104,262,458,594,560,776,726,425,730,194,1005,592,103,431,277,753,871,197,823,129,523,537
v56,857,370,651,89,525,825,196,641,858,1063,876,1072,927,734,413,49,311,627,316,220,1121,473,870,1040,62,283,516,684,516,30,562,1019,455,175,1230,1086,668,665,803,309,72,255,378,664,608,665,304,652,654,388,656,460,22,204,490,0,722,1223,306,407,733,587,341,1061,267,807,695,440,219,823,324,999,921,387,1065,654,491,487,410,280,73,116,964,974,163,896,470,278,607,401,780,793,366,948,129,464,674,1005,244,127,123,698,1189,806,283,730,384,533,428,544,1130,647,611,790,595,423,290,403,432,608,1149,459,356,305,520,411,165,882,892,240,227,1010,784,740,268,651,849,1034,594,330,42,428,118,1078,236,915,344,358,657,384,589,275,353,371,1173,687,333,619,313,333
v57,135,352,1373,801,713,753,846,419,1030,341,504,856,995,150,1135,673,733,411,456,502,905,263,300,824,660,439,390,546,432,710,346,803,1177,897,1014,870,228,853,587,413,696,767,544,722,392,449,418,436,122,754,132,262,714,824,232,722,0,1007,416,315,395,1309,771,845,455,591,871,282,613,347,690,277,199,537,343,1376,1213,939,312,1002,649,776,358,388,559,896,344,444,439,795,864,577,356,732,593,460,632,383,966,595,599,624,973,590,439,514,338,991,614,692,914,591,1079,574,553,299,496,947,432,392,933,525,848,763,630,347,887,160,824,482,547,794,568,524,990,449,633,818,128,494,690,508,792,862,958,193,962,426,1237,506,133,447,369,985,957,111,1055,103,437,451
v58,1022,1257,836,1134,698,398,1419,588,493,878,691,151,458,1157,810,1252,912,596,1463,1371,180,750,707,187,1263,1110,707,539,1439,1253,661,204,820,1100,65,277,779,558,420,1206,1295,1478,845,559,615,558,1135,571,1129,835,1139,1013,1245,1019,921,1223,1007,0,1123,916,612,772,882,162,1434,444,528,1203,1442,660,899,816,946,836,880,839,948,736,859,1229,1296,1339,779,789,1210,359,1351,1383,616,822,443,506,1061,275,1248,759,549,820,1021,1156,1290,525,102,417,952,493,1297,690,795,679,155,576,612,433,628,914,933,820,791,615,256,1532,867,918,703,812,1334,893,331,1333,996,213,439,483,1135,572,374,293,893,893,1181,1515,1341,387,1133,872,879,865,700,1513,1024,1352,1198,852,148,896,1160,998,1444,1458
v59,551,134,957,385,425,725,430,535,758,757,620,972,827,428,719,257,317,527,340,248,1021,373,564,940,244,23,416,584,316,294,462,919,761,481,1130,986,362,565,703,83,280,355,278,564,508,565,12,552,348,338,350,154,298,408,202,306,416,1123,0,207,511,893,355,961,311,707,595,134,319,517,274,693,615,287,759,960,797,523,264,586,233,360,658,668,143,796,228,260,507,379,680,693,62,848,177,364,574,699,550,179,183,598,1089,706,171,630,174,575,328,444,1030,547,663,690,495,209,190,531,332,508,1049,409,432,347,420,311,471,576,792,210,131,910,684,640,574,551,749,934,288,230,274,392,376,978,542,609,546,258,821,390,283,229,75,569,1073,381,639,313,321,335
