 23
千代田区 0.000000 3.087400 3.999688 4.530787 1.557262 3.152851 4.704856 6.217735 9.678025 7.703984 15.147479 10.498610 6.036714 8.360647 10.603287 4.887552 6.782632 5.394642 7.521324 10.297862 10.107181 10.078592 10.450368
中央区 3.087400 0.000000 2.309681 6.710941 4.516142 4.727682 5.197453 4.105407 7.812392 7.422106 13.169020 11.062384 6.730081 10.736539 12.662227 7.943003 9.775827 7.354829 10.608688 13.046602 11.971039 10.569864 9.577695
港区 3.999688 2.309681 0.000000 5.896469 5.549752 6.583762 7.388375 6.164576 5.780613 5.175317 11.236000 8.982919 4.891397 9.805887 11.380275 8.197711 10.657802 9.136745 11.043757 12.476392 13.848227 12.830886 11.844797
新宿区 4.530787 6.710941 5.896469 0.000000 4.694534 7.216184 9.047928 10.549910 9.737599 5.855460 14.791180 6.956954 3.362722 4.026856 6.087329 3.777324 7.095482 8.605766 6.398925 6.582504 12.827290 14.098272 14.953207
文京区 1.557262 4.516142 5.549752 4.694534 0.000000 2.536730 4.436867 7.042188 11.180066 8.882168 16.643991 11.276055 6.941262 8.089932 10.521436 3.809724 5.266170 4.189108 6.194651 9.599716 8.807491 9.417139 10.460309
台東区 3.152851 4.727682 6.583762 7.216184 2.536730 0.000000 1.953586 5.561520 12.358943 10.833060 17.795089 13.608270 9.172029 10.580952 13.044438 5.909375 6.120869 2.628271 7.695952 11.857172 7.278547 6.969579 8.002507
墨田区 4.704856 5.197453 7.388375 9.047928 4.436867 1.953586 0.000000 4.447588 13.008076 12.107843 18.328413 15.179921 10.699173 12.517076 14.957714 7.846422 7.706623 3.260123 9.467869 13.800485 7.146492 5.500536 6.049718
江東区 6.217735 4.105407 6.164576 10.549910 7.042188 5.561520 4.447588 0.000000 10.596699 11.327072 15.426179 15.118078 10.832652 14.515759 16.609872 10.850865 11.667997 7.671037 13.086656 16.503534 11.409946 8.297030 5.940232
品川区 9.678025 7.812392 5.780613 9.737599 11.180066 12.358943 13.008076 10.596699 0.000000 4.622695 5.470029 8.111368 6.768279 12.660528 13.156839 13.073557 15.986032 14.916567 15.923024 15.756832 19.628546 18.298587 16.532558
目黒区 7.703984 7.422106 5.175317 5.855460 8.882168 10.833060 12.107843 11.327072 4.622695 0.000000 9.057531 4.097195 2.509942 8.152041 8.535658 9.567443 12.795574 13.042375 12.254384 11.280449 17.688499 17.606307 16.999002
大田区 15.147479 13.169020 11.236000 14.791180 16.643991 17.795089 18.328413 15.426179 5.470029 9.057531 0.000000 11.045889 11.537998 17.104417 16.975390 18.331838 21.358609 20.370700 21.134175 20.236693 25.072442 23.471347 21.233553
世田谷区 10.498610 11.062384 8.982919 6.956954 11.276055 13.608270 15.179921 15.118078 8.111368 4.097195 11.045889 0.000000 4.486313 6.995904 6.092454 10.548960 13.876241 15.409367 12.700839 9.910499 19.769814 20.570694 20.549118
渋谷区 6.036714 6.730081 4.891397 3.362722 6.941262 9.172029 10.699173 10.832652 6.768279 2.509942 11.537998 4.486313 0.000000 5.914512 6.821087 7.113564 10.389615 11.125590 9.756691 8.991115 15.649782 16.115172 16.101453
中野区 8.360647 10.736539 9.805887 4.026856 8.089932 10.580952 12.517076 14.515759 12.660528 8.152041 17.104417 6.995904 5.914512 0.000000 2.606547 5.220485 8.040130 11.289271 6.299358 3.134650 14.747360 17.076797 18.550240
杉並区 10.603287 12.662227 11.380275 6.087329 10.521436 13.044438 14.957714 16.609872 13.156839 8.535658 16.975390 6.092454 6.821087 2.606547 0.000000 7.825981 10.589016 13.875407 8.733428 4.240635 17.340163 19.645617 20.954386
豊島区 4.887552 7.943003 8.197711 3.777324 3.809724 5.909375 7.846422 10.850865 13.073557 9.567443 18.331838 10.548960 7.113564 5.220485 7.825981 0.000000 3.339495 6.121162 2.873067 5.956955 9.612701 11.938295 13.859873
北区 6.782632 9.775827 10.657802 7.095482 5.266170 6.120869 7.706623 11.667997 15.986032 12.795574 21.358609 13.876241 10.389615 8.040130 10.589016 3.339495 0.000000 4.856776 2.209686 7.637809 6.856749 10.300765 13.193947
荒川区 5.394642 7.354829 9.136745 8.605766 4.189108 2.628271 3.260123 7.671037 14.916567 13.042375 20.370700 15.409367 11.125590 11.289271 13.875407 6.121162 4.856776 0.000000 6.899057 11.882458 4.726215 5.819574 8.337321
板橋区 7.521324 10.608688 11.043757 6.398925 6.194651 7.695952 9.467869 13.086656 15.923024 12.254384 21.134175 12.700839 9.756691 6.299358 8.733428 2.873067 2.209686 6.899057 0.000000 5.475030 8.996795 12.481264 15.190615
練馬区 10.297862 13.046602 12.476392 6.582504 9.599716 11.857172 13.800485 16.503534 15.756832 11.280449 20.236693 9.910499 8.991115 3.134650 4.240635 5.956955 7.637809 11.882458 5.475030 0.000000 14.470737 17.665220 19.815810
足立区 10.107181 11.971039 13.848227 12.827290 8.807491 7.278547 7.146492 11.409946 19.628546 17.688499 25.072442 19.769814 15.649782 14.747360 17.340163 9.612701 6.856749 4.726215 8.996795 14.470737 0.000000 5.203458 9.526541
葛飾区 10.078592 10.569864 12.830886 14.098272 9.417139 6.969579 5.500536 8.297030 18.298587 17.606307 23.471347 20.570694 16.115172 17.076797 19.645617 11.938295 10.300765 5.819574 12.481264 17.665220 5.203458 0.000000 4.511712
江戸川区 10.450368 9.577695 11.844797 14.953207 10.460309 8.002507 6.049718 5.940232 16.532558 16.999002 21.233553 20.549118 16.101453 18.550240 20.954386 13.859873 13.193947 8.337321 15.190615 19.815810 9.526541 4.511712 0.000000
