 16
gender 0 100 100 99 99 99 99 98 99 99 99 99 99 99 99 98
SeniorCitizen 100 0 98 79 99 85 73 79 82 82 78 81 81 86 84 80
Partner 100 98 0 55 98 86 100 85 85 83 87 86 87 70 99 84
Dependents 99 79 55 0 100 97 82 81 84 84 82 85 86 76 89 85
PhoneService 99 99 98 100 0 0 55 82 83 83 82 82 82 100 98 99
MultipleLines 99 85 86 97 0 0 60 77 75 75 77 74 74 92 83 83
InternetService 99 73 100 82 55 60 0 28 29 29 28 28 28 79 62 69
OnlineSecurity 98 79 85 81 82 77 28 0 28 28 27 29 29 70 66 70
OnlineBackup 99 82 85 84 83 75 29 28 0 28 28 29 29 74 68 72
DeviceProtection 99 82 83 84 83 75 29 28 28 0 27 27 26 70 68 71
TechSupport 99 78 87 82 82 77 28 27 28 27 0 28 28 67 67 69
StreamingTV 99 81 86 85 82 74 28 29 29 27 28 0 23 76 66 73
StreamingMovies 99 81 87 86 82 74 28 29 29 26 28 23 0 76 67 73
Contract 99 86 70 76 100 92 79 70 74 70 67 76 76 0 82 73
PaperlessBilling 99 84 99 89 98 83 62 66 68 68 67 66 67 82 0 75
PaymentMethod 98 80 84 85 99 83 69 70 72 71 69 73 73 73 75 0