 11
Romney 0 314.1592654 37.63834823 279.3426632 107.0141614 197.1427919 165.0881907 187.5488981 162.0817184 176.1958473 180.287401
Obama 314.1592654 0 276.5209171 31.75604293 209.4395102 113.7351007 149.0710747 127.6569489 154.0791825 136.9438406 133.8718644
Trump 37.63834823 276.5209171 0 294.1257811 101.2195761 201.5289104 176.1958473 208.288608 166.0918272 171.1257742 183.381853
Clinton 279.3426632 31.75604293 294.1257811 0 220.1855168 103.5611537 138.9809876 112.630355 156.079616 136.9438406 129.7403295
White 107.0141614 209.4395102 101.2195761 220.1855168 0 262.5998647 153.0785652 157.0796327 127.6569489 209.4395102 172.13646
Black 197.1427919 113.7351007 201.5289104 103.5611537 262.5998647 0 167.0963748 165.0881907 193.906422 109.2801128 147.0628906
Hispanic 165.0881907 149.0710747 176.1958473 138.9809876 153.0785652 167.0963748 0 156.079616 196.0592623 146.0573277 149.0710747
Bachelors 187.5488981 127.6569489 208.288608 112.630355 157.0796327 165.0881907 156.079616 0 92.7295218 200.4241647 132.8430476
High_School 162.0817184 154.0791825 166.0918272 156.079616 127.6569489 193.906422 196.0592623 92.7295218 0 229.1615088 155.0794993
Poverty 176.1958473 136.9438406 171.1257742 136.9438406 209.4395102 109.2801128 146.0573277 200.4241647 229.1615088 0 158.0796493
Density 180.287401 133.8718644 183.381853 129.7403295 172.13646 147.0628906 149.0710747 132.8430476 155.0794993 158.0796493 0