 22
SP_500 0 50.99019514 34.64101615 44.72135955 53.85164807 60 36.05551275 46.9041576 46.9041576 44.72135955 43.58898944 52.91502622 58.30951895 67.82329983 66.33249581 52.91502622 56.56854249 53.85164807 43.58898944 41.23105626 42.42640687 44.72135955
FactSet_Innovative_Technology 50.99019514 0 33.1662479 64.03124237 74.83314774 54.77225575 56.56854249 47.95831523 59.16079783 60 73.48469228 31.6227766 72.11102551 81.85352772 80.62257748 61.64414003 76.81145748 60 44.72135955 24.49489743 51.96152423 61.64414003
NYSE_Technology 34.64101615 33.1662479 0 60 70 57.44562647 51.96152423 50 58.30951895 56.56854249 65.57438524 42.42640687 67.08203932 78.10249676 76.15773106 60 72.80109889 60.8276253 33.1662479 33.1662479 48.98979486 56.56854249
Aerospace_Defense 44.72135955 64.03124237 60 0 50.99019514 66.33249581 45.82575695 56.56854249 53.85164807 51.96152423 45.82575695 63.2455532 56.56854249 63.2455532 63.2455532 61.64414003 52.91502622 58.30951895 59.16079783 54.77225575 50.99019514 45.82575695
Banks 53.85164807 74.83314774 70 50.99019514 0 74.16198487 40 66.33249581 58.30951895 57.44562647 38.72983346 72.80109889 58.30951895 60 60.8276253 67.08203932 10 58.30951895 66.33249581 66.33249581 57.44562647 45.82575695
Biotech 60 54.77225575 57.44562647 66.33249581 74.16198487 0 63.2455532 50 57.44562647 66.33249581 72.80109889 58.30951895 72.11102551 79.37253933 78.10249676 44.72135955 75.49834435 66.33249581 60 53.85164807 59.16079783 66.33249581
Capital_Markets 36.05551275 56.56854249 51.96152423 45.82575695 40 63.2455532 0 51.96152423 48.98979486 46.9041576 40 57.44562647 56.56854249 64.80740698 64.80740698 58.30951895 43.58898944 52.91502622 51.96152423 47.95831523 45.82575695 41.23105626
Health_Care_Equipment 46.9041576 47.95831523 50 56.56854249 66.33249581 50 51.96152423 0 43.58898944 55.67764363 62.44997998 50.99019514 67.08203932 76.81145748 76.15773106 51.96152423 67.82329983 60 52.91502622 42.42640687 50 56.56854249
Health_Care_Services 46.9041576 59.16079783 58.30951895 53.85164807 58.30951895 57.44562647 48.98979486 43.58898944 0 52.91502622 53.85164807 58.30951895 64.03124237 71.41428429 71.41428429 50.99019514 59.16079783 55.67764363 58.30951895 50.99019514 50.99019514 52.91502622
Homebuilders 44.72135955 60 56.56854249 51.96152423 57.44562647 66.33249581 46.9041576 55.67764363 52.91502622 0 52.91502622 59.16079783 63.2455532 74.16198487 74.16198487 64.03124237 60 50 55.67764363 52.91502622 51.96152423 47.95831523
Insurance 43.58898944 73.48469228 65.57438524 45.82575695 38.72983346 72.80109889 40 62.44997998 53.85164807 52.91502622 0 71.41428429 59.16079783 63.2455532 64.03124237 63.2455532 42.42640687 60.8276253 64.80740698 63.2455532 56.56854249 47.95831523
Internet 52.91502622 31.6227766 42.42640687 63.2455532 72.80109889 58.30951895 57.44562647 50.99019514 58.30951895 59.16079783 71.41428429 0 71.41428429 80 79.37253933 64.03124237 74.16198487 54.77225575 51.96152423 34.64101615 52.91502622 60
Metals_Mining 58.30951895 72.11102551 67.08203932 56.56854249 58.30951895 72.11102551 56.56854249 67.08203932 64.03124237 63.2455532 59.16079783 71.41428429 0 56.56854249 58.30951895 67.82329983 60 63.2455532 64.03124237 67.08203932 59.16079783 55.67764363
Oil_Gas_Equipment_Services 67.82329983 81.85352772 78.10249676 63.2455532 60 79.37253933 64.80740698 76.81145748 71.41428429 74.16198487 63.2455532 80 56.56854249 0 33.1662479 73.48469228 59.16079783 71.41428429 74.16198487 76.15773106 69.2820323 64.03124237
Oil_Gas_Exploration_Production 66.33249581 80.62257748 76.15773106 63.2455532 60.8276253 78.10249676 64.80740698 76.15773106 71.41428429 74.16198487 64.03124237 79.37253933 58.30951895 33.1662479 0 72.80109889 62.44997998 71.41428429 73.48469228 76.15773106 69.2820323 64.80740698
Pharmaceuticals 52.91502622 61.64414003 60 61.64414003 67.08203932 44.72135955 58.30951895 51.96152423 50.99019514 64.03124237 63.2455532 64.03124237 67.82329983 73.48469228 72.80109889 0 68.556546 64.80740698 61.64414003 57.44562647 57.44562647 62.44997998
Regional_Banking 56.56854249 76.81145748 72.80109889 52.91502622 10 75.49834435 43.58898944 67.82329983 59.16079783 60 42.42640687 74.16198487 60 59.16079783 62.44997998 68.556546 0 60 67.82329983 68.556546 60 48.98979486
Retail 53.85164807 60 60.8276253 58.30951895 58.30951895 66.33249581 52.91502622 60 55.67764363 50 60.8276253 54.77225575 63.2455532 71.41428429 71.41428429 64.80740698 60 0 60 55.67764363 51.96152423 50
Semiconductor 43.58898944 44.72135955 33.1662479 59.16079783 66.33249581 60 51.96152423 52.91502622 58.30951895 55.67764363 64.80740698 51.96152423 64.03124237 74.16198487 73.48469228 61.64414003 67.82329983 60 0 42.42640687 46.9041576 54.77225575
Software_Services 41.23105626 24.49489743 33.1662479 54.77225575 66.33249581 53.85164807 47.95831523 42.42640687 50.99019514 52.91502622 63.2455532 34.64101615 67.08203932 76.15773106 76.15773106 57.44562647 68.556546 55.67764363 42.42640687 0 44.72135955 53.85164807
Telecom 42.42640687 51.96152423 48.98979486 50.99019514 57.44562647 59.16079783 45.82575695 50 50.99019514 51.96152423 56.56854249 52.91502622 59.16079783 69.2820323 69.2820323 57.44562647 60 51.96152423 46.9041576 44.72135955 0 50
Transportation 44.72135955 61.64414003 56.56854249 45.82575695 45.82575695 66.33249581 41.23105626 56.56854249 52.91502622 47.95831523 47.95831523 60 55.67764363 64.03124237 64.80740698 62.44997998 48.98979486 50 54.77225575 53.85164807 50 0